address_number,address_street,address_city,address_zip,metaTitle,descriptionHTML,descriptionMarkdown,systemOfficeId,spaceType,Nutzung,dateRent,stockwerk,monthlyPrice,totalArea,images_1,images_2,images_3,images_4,images_5,images_6,images_7,price,images_8,images_9,images_10,images_11,images_12,images_13,images_14
"80b","Bösch","Hünenberg","6331","Helles Einzelbüro mit Infrastruktur und Teeküche (Mitbenutzung)","<p>Zur Vermietung steht ein helles und gut erhaltenes Einzelbüro mit ca. 36 m2.</p><p>Die Allgemeinfläche zeichnet sich durch folgende Features aus:</p><ul><li>Grosszügiger Empfang</li><li>Allgemeiner Aufenthaltsbereich</li><li>Grosse Küche</li><li>Serverraum gekühlt</li></ul><p>Weitere Eckdaten:</p><ul><li>Autobahn in 1 min erreichbar</li><li>Buslinien 48 und 51 halten direkt vor der Liegenschaft.</li><li>Einstellplätze à CHF 125 verfügbar</li></ul><p>Das NK-Akonto beträgt CHF 20 m2pa.</p><p>Für den Objektstrom wird eine kleine Pauschale von CHF 5 m2pa erhoben.</p><p>Gerne zeigen wir Ihnen die Räumlichkeiten vor Ort und freuen uns auf Ihre Kontaktaufnahme.</p>","### Helles Einzelbüro mit Infrastruktur und Teeküche (Mitbenutzung)

Zur Vermietung steht ein helles und gut erhaltenes Einzelbüro mit ca. 36 m2.

Die Allgemeinfläche zeichnet sich durch folgende Features aus:

*   Grosszügiger Empfang
*   Allgemeiner Aufenthaltsbereich
*   Grosse Küche
*   Serverraum gekühlt

Weitere Eckdaten:

*   Autobahn in 1 min erreichbar
*   Buslinien 48 und 51 halten direkt vor der Liegenschaft.
*   Einstellplätze à CHF 125 verfügbar

Das NK-Akonto beträgt CHF 20 m2pa.

Für den Objektstrom wird eine kleine Pauschale von CHF 5 m2pa erhoben.

Gerne zeigen wir Ihnen die Räumlichkeiten vor Ort und freuen uns auf Ihre Kontaktaufnahme.","..(6690014)","Office Space","Gewerbe","ab sofort","2","790","36","https://casagateway.ch/media/provider-12797/property-1140057/e308bcd25670fb4671eac7ec231eb6c7.jpg?p=lg","https://casagateway.ch/media/provider-12797/property-914726/95568de9b15a0f46a1400f185122a337.jpg?p=lg","https://casagateway.ch/media/provider-12797/property-914726/11267cf7248f12dbd28a4079fc665360.jpg?p=lg","https://casagateway.ch/media/provider-12797/property-914726/fd9e99962afcaa16521c21a85dc6abd2.jpg?p=lg","https://casagateway.ch/media/provider-12797/property-914726/763e73bba99898651d70437fb00ce075.jpg?p=lg","https://casagateway.ch/media/provider-12797/property-914726/b6b5af1e58d301deadc7322191098948.jpg?p=lg","https://casagateway.ch/media/provider-12797/property-1240251/d2b172fad2c2fefc752dc5d118263c21.jpeg?p=lg",,,,,,,,
"295","Adlikerstrasse","Regensdorf","8105","Verkaufsfläche im Grütpark - direkt neben Cleverfit!","<p>Die verfügbare Verkaufsfläche befindet sich im 2.Obergeschoss und verfügt bereits über eigene WC-Anlagen und Nebenräume (ehemals Umkleiden). Eine LED-Beleuchtung besteht ebenfalls und kann vom Vormieter übernommen werden. Ein weiteres Fitness-Center ist leider nicht möglich (Cleverfit direkt nebenan). Daneben sind jedoch unterschiedlichste Nutzungen denkbar.</p><p>Der <strong>Grütpark </strong>ist Heimat von namhaften Frequenzbringern wie Jumbo Baumarkt, Lidl, Cleverfit und Ochsnersport.</p><p>Das Nebenkosten-Akonto beträgt CHF 40 m2pa.</p><p>Alle Beträge verstehen sich zzgl. gesetzlicher MwSt.</p><p>Gerne zeigen wir Ihnen diese spannende Gelegenheit vor Ort.</p>","### Verkaufsfläche im Grütpark - direkt neben Cleverfit!

Die verfügbare Verkaufsfläche befindet sich im 2.Obergeschoss und verfügt bereits über eigene WC-Anlagen und Nebenräume (ehemals Umkleiden). Eine LED-Beleuchtung besteht ebenfalls und kann vom Vormieter übernommen werden. Ein weiteres Fitness-Center ist leider nicht möglich (Cleverfit direkt nebenan). Daneben sind jedoch unterschiedlichste Nutzungen denkbar.

Der **Grütpark** ist Heimat von namhaften Frequenzbringern wie Jumbo Baumarkt, Lidl, Cleverfit und Ochsnersport.

Das Nebenkosten-Akonto beträgt CHF 40 m2pa.

Alle Beträge verstehen sich zzgl. gesetzlicher MwSt.

Gerne zeigen wir Ihnen diese spannende Gelegenheit vor Ort.","007ece20-cfb9-11ee-afda-0a4bde28e6f6","Retail Space","Gewerbe","ab sofort","2",,"583","https://casagateway.ch/media/provider-12797/property-1378159/e6186d0e957ecf7e92fdaa8657c16125.jpeg?p=lg","https://casagateway.ch/media/provider-12797/property-1378159/7ef2f2765002b6afbc6892b0ee3bbf8f.jpeg?p=lg","https://casagateway.ch/media/provider-12797/property-1378159/8c7e3742aeefaa41ef5eafae0d5bc571.jpeg?p=lg","https://casagateway.ch/media/provider-12797/property-1378159/5fd93e79bd0c0d3a3e442069b0b72701.jpeg?p=lg","https://casagateway.ch/media/provider-12797/property-1378159/55fbce75bbc67887c272818bbf28fbc5.jpeg?p=lg","https://casagateway.ch/media/provider-12797/property-1378159/cffa94a392ad1952fcf9de45eeeb790d.jpeg?p=lg","https://casagateway.ch/media/provider-12797/property-1378159/2de77cc48e5cca38f4a2999d8c860192.jpeg?p=lg","180","https://casagateway.ch/media/provider-12797/property-1378159/1e13845130339fc95809cf81c06d91f9.jpeg?p=lg","https://casagateway.ch/media/provider-12797/property-1378159/665d13fdade92c3127616fc8037255a7.jpeg?p=lg","https://casagateway.ch/media/provider-12797/property-1378159/be552595a4c0c7be9e5da639236e4c6d.jpeg?p=lg","https://casagateway.ch/media/provider-12797/property-1378159/33b64693f699678f58de7b4b25f1b95c.jpeg?p=lg","https://casagateway.ch/media/provider-12797/property-1378159/b7bd06f371091215d72fce8423343d83.jpeg?p=lg","https://casagateway.ch/media/provider-12797/property-1378159/cbfa282d2acf72c6e314ca1446995e35.jpeg?p=lg","https://casagateway.ch/media/provider-12797/property-1378159/44cb8c87dbc169389ea47577b01156e5.jpeg?p=lg"
"6","Chaltenbodenstrasse","Feusisberg","8834","Aussergewöhnliches Büroloft","<p>Wir vermieten im steuergünstigen Schindellegi ein Loftbüro. Die Fläche verfügt über ein separates WC's und eine vollwertige Küche. Elektrische Verteilung und Möglichkeit für die IT-Erschliessung ist über die vorhandenen Bodendosen gegeben. Damit steht der flexiblen Arbeitsplatzanordnung nichts im Wege. Die Flächen sind voll ausgebaut und bezugsbereit.</p><p>IHRE VORZÜGE:</p><ul><li><p>Modernes und helle Büro im Loft-Stil</p></li><li><p>Top Ausbaustandard</p></li><li><p>Moderne Badezimmer</p></li><li><p>Voll ausgestattete Küche</p></li><li><p>Inhouse Verpflegungsangebot</p></li><li><p>Sport- und Freizeitangebot in der Umgebung</p></li><li><p>Sofort bezugsbereit</p></li><li><p>Parkplätze und Lagerflächen vorhanden</p></li><li>Dachterrasse und damit verbundene Aussicht</li></ul><p>Die Nebenkosten (akonto)&nbsp; betragen CHF 30 m2pa.</p><p>Der ausgeschrieben Preis gilt für einen Zeitraum drei Jahren bei einer Mietvertragsdauer von fünf Jahren.</p><p>Aussenparkplätze DG für CHF 50 / Monat gemietet werden.</p><p>Alle Beträge zzgl. gesetzlicher MwSt.</p><p>Gerne zeigen wir Ihnen diese spannende Gelegenheit.</p>","### Aussergewöhnliches Büroloft

Wir vermieten im steuergünstigen Schindellegi ein Loftbüro. Die Fläche verfügt über ein separates WC's und eine vollwertige Küche. Elektrische Verteilung und Möglichkeit für die IT-Erschliessung ist über die vorhandenen Bodendosen gegeben. Damit steht der flexiblen Arbeitsplatzanordnung nichts im Wege. Die Flächen sind voll ausgebaut und bezugsbereit.

IHRE VORZÜGE:

*   Modernes und helle Büro im Loft-Stil
    
*   Top Ausbaustandard
    
*   Moderne Badezimmer
    
*   Voll ausgestattete Küche
    
*   Inhouse Verpflegungsangebot
    
*   Sport- und Freizeitangebot in der Umgebung
    
*   Sofort bezugsbereit
    
*   Parkplätze und Lagerflächen vorhanden
    
*   Dachterrasse und damit verbundene Aussicht

Die Nebenkosten (akonto)  betragen CHF 30 m2pa.

Der ausgeschrieben Preis gilt für einen Zeitraum drei Jahren bei einer Mietvertragsdauer von fünf Jahren.

Aussenparkplätze DG für CHF 50 / Monat gemietet werden.

Alle Beträge zzgl. gesetzlicher MwSt.

Gerne zeigen wir Ihnen diese spannende Gelegenheit.","..(6453443)","Office Space","Gewerbe","ab sofort","3",,"164","https://casagateway.ch/media/provider-12797/property-1344724/2203f32a6f4566fd4f690840288f472c.png?p=lg","https://casagateway.ch/media/provider-12797/property-1344724/ed5e17d81ae3d6394b26edf450158946.png?p=lg","https://casagateway.ch/media/provider-12797/property-1344724/17d7c968f1e6603857930ebfaf0c8758.png?p=lg","https://casagateway.ch/media/provider-12797/property-1344724/4100576aa1f9dde4a8b93769ef8b02e4.png?p=lg","https://casagateway.ch/media/provider-12797/property-1344724/7066fb0358d6e882f963b96dfe8b7cb0.png?p=lg",,,"115",,,,,,,
"33a","Stationsstrasse","Wangen-Brüttisellen","8306","Platz für drei bis vier Arbeitsplätze (bis 31.03.2027)","<p>In der Liegenschaft stehen verschiedene Räume in ähnlichen Grössen zur Verfügung (von 21 m2 bis 330 m2). Grundsätzlich sind die Ausbauten gleichwertig (Teppich, Fenster etc.). Alle Flächen haben Zugang zu allgemeinen WC's und zu einer Teeküche auf der Etage.</p><p>Die Liegenschaft an äusserst attraktiver Lage direkt an der Autobahnabfahrt Brüttisellen zeichnet sich ausserdem durch folgende Eigenschaften aus:</p><ul><li>Verschiedenste Teilflächen auf allen Etagen</li><li>Repräsentativer Empfangsbereich</li><li>Volle Infrastruktur</li><li>Ausreichend Parkplätze (aussen)</li><li>Top Visibilität</li><li>Bestes Preis-Leistungsverhältnis</li><li>Gute Erschliessung ÖV's (Bahnhof Dietlikon 500 m und Buslinie 796)</li><li>Restaurants im näheren Umfeld</li></ul><p>Im Monatspreis von CHF 905 sind bereits die Nebenkosten enthalten. Eine kleine Strompauschale von ca. CHF 20/Monat wird zusätzlich erhoben.</p><p>Parkplätze (aussen) können à CHF 100/Monat pro Stück gemietet werden.</p><p>Alle Beträge verstehen sich zuzgl. gesetzlicher MwSt.&nbsp;</p><p>Gerne zeigen wir Ihnen diese spannende Gelegenheit vor Ort.</p>","### Platz für drei bis vier Arbeitsplätze (bis 31.03.2027)

In der Liegenschaft stehen verschiedene Räume in ähnlichen Grössen zur Verfügung (von 21 m2 bis 330 m2). Grundsätzlich sind die Ausbauten gleichwertig (Teppich, Fenster etc.). Alle Flächen haben Zugang zu allgemeinen WC's und zu einer Teeküche auf der Etage.

Die Liegenschaft an äusserst attraktiver Lage direkt an der Autobahnabfahrt Brüttisellen zeichnet sich ausserdem durch folgende Eigenschaften aus:

*   Verschiedenste Teilflächen auf allen Etagen
*   Repräsentativer Empfangsbereich
*   Volle Infrastruktur
*   Ausreichend Parkplätze (aussen)
*   Top Visibilität
*   Bestes Preis-Leistungsverhältnis
*   Gute Erschliessung ÖV's (Bahnhof Dietlikon 500 m und Buslinie 796)
*   Restaurants im näheren Umfeld

Im Monatspreis von CHF 905 sind bereits die Nebenkosten enthalten. Eine kleine Strompauschale von ca. CHF 20/Monat wird zusätzlich erhoben.

Parkplätze (aussen) können à CHF 100/Monat pro Stück gemietet werden.

Alle Beträge verstehen sich zuzgl. gesetzlicher MwSt. 

Gerne zeigen wir Ihnen diese spannende Gelegenheit vor Ort.","02e113ef-b512-11ee-b1a8-0a4bde28e6f6","Office Space","Gewerbe","ab sofort",,"905","47","https://casagateway.ch/media/provider-12797/property-1273421/f3d3bd6b837a94c48b7cd6f1a280a0e7.jpeg?p=lg","https://casagateway.ch/media/provider-12797/property-1273421/8cbdb7f4aed00d50750123aeb0d8b3bf.jpeg?p=lg","https://casagateway.ch/media/provider-12797/property-1273421/be11f3db4d7d9b5a84dadcebb748a7ea.jpeg?p=lg","https://casagateway.ch/media/provider-12797/property-1273421/835ef478e67cced7d3cf0fd653411f9b.jpeg?p=lg","https://casagateway.ch/media/provider-12797/property-1187719/4ced371202816109301b6643f681a996.jpeg?p=lg","https://casagateway.ch/media/provider-12797/property-1273421/78c085c146f640d8e73c7d06ee92a485.jpeg?p=lg","https://casagateway.ch/media/provider-12797/property-1160049/c0b07f393133195324e88b6a93264df5.jpeg?p=lg",,"https://casagateway.ch/media/provider-12797/property-1273421/7398680ba4ac498ff49dd4d12e060c1f.jpeg?p=lg",,,,,,
"1","Grabenstrasse","Uster","8606","Auf Wunsch exklusive Anlieferung!","<p>Die Gesamtfläche von ca. 1'466 m2 teilt sich auf zwei Etagen auf, wobei beide Etagen unterschiedlich genutzt werden können. Auf Wunsch wird eine neue Anlieferrampe ausgebaut, die exklusiv für das erste und zweite Obergeschoss nutzbar ist.</p><p>Die Liegenschaft ist unweit des Bahnhofs in Nänikon/Greifensee gelegen und bietet helle, hochwertige und belüftete Gewerbeflächen mit diversen abgetrennten Räumen pro Etage, dazu die Möglichkeit für eine Teeküche. Die grosszügige Terrasse zur Mitbenutzung ist ein angenehmes Plus.&nbsp;</p><p>Eckdaten:</p><ul><li>1.OG - 687 m2 - Gewerbe</li><li>2.OG - 779 m2 - Gewerbe</li><li>Anlieferung über Scherenhubtisch oder Anpassrampe</li><li>Warenlift (H 2.5 x B 2.15 x L 3.13) direkt in die Mietflächen vom 1.OG und 2.OG, Traglast 4'000 kg</li><li>Bodenlast bis zu 1'000 kg/m2</li><li>Kühldecken</li><li>Deckenhöhe 3.2 m total</li><li>Lagerflächen bis 34 m2 können dazugemietet werden</li><li>Ausreichend Aussenparkplätze vorhanden</li></ul><p>Der Nettomietzins von CHF 142 m2pa versteht sich als Durchschnittsmietzins bei einer langfristigen Bindung (5 Jahre) mit entsprechender Staffelung.</p><p>Alle Beträge verstehen sich zuzgl. gesetzlicher MwSt.&nbsp;</p><p>Gerne zeigen wir Ihnen diese spannende Fläche vor Ort.</p>","### Auf Wunsch exklusive Anlieferung!

Die Gesamtfläche von ca. 1'466 m2 teilt sich auf zwei Etagen auf, wobei beide Etagen unterschiedlich genutzt werden können. Auf Wunsch wird eine neue Anlieferrampe ausgebaut, die exklusiv für das erste und zweite Obergeschoss nutzbar ist.

Die Liegenschaft ist unweit des Bahnhofs in Nänikon/Greifensee gelegen und bietet helle, hochwertige und belüftete Gewerbeflächen mit diversen abgetrennten Räumen pro Etage, dazu die Möglichkeit für eine Teeküche. Die grosszügige Terrasse zur Mitbenutzung ist ein angenehmes Plus. 

Eckdaten:

*   1.OG - 687 m2 - Gewerbe
*   2.OG - 779 m2 - Gewerbe
*   Anlieferung über Scherenhubtisch oder Anpassrampe
*   Warenlift (H 2.5 x B 2.15 x L 3.13) direkt in die Mietflächen vom 1.OG und 2.OG, Traglast 4'000 kg
*   Bodenlast bis zu 1'000 kg/m2
*   Kühldecken
*   Deckenhöhe 3.2 m total
*   Lagerflächen bis 34 m2 können dazugemietet werden
*   Ausreichend Aussenparkplätze vorhanden

Der Nettomietzins von CHF 142 m2pa versteht sich als Durchschnittsmietzins bei einer langfristigen Bindung (5 Jahre) mit entsprechender Staffelung.

Alle Beträge verstehen sich zuzgl. gesetzlicher MwSt. 

Gerne zeigen wir Ihnen diese spannende Fläche vor Ort.","..(6670913)","Commercial Space","Gewerbe","ab sofort",,,"1466","https://casagateway.ch/media/provider-12797/property-1126891/e713e2ab4f80a9f58e9322f5b64ec3ff.jpeg?p=lg","https://casagateway.ch/media/provider-12797/property-1126891/62aa7f6009929a5a7c849d474e6af6b2.jpeg?p=lg","https://casagateway.ch/media/provider-12797/property-1126891/b2b3bdc1d53611b27d5536cce77eca05.jpeg?p=lg","https://casagateway.ch/media/provider-12797/property-1126891/8f0a160083622bfa29c006d146ebc531.jpeg?p=lg","https://casagateway.ch/media/provider-12797/property-914766/70083c4752b37f2d44240072583c91ad.jpg?p=lg","https://casagateway.ch/media/provider-12797/property-914766/b04d933636c0e3dbb1e31cf00437916a.jpg?p=lg","https://casagateway.ch/media/provider-12797/property-914766/22f7b740f1bac06f406a674a476656d2.jpg?p=lg","142",,,,,,,
"56","Burrirain","Täuffelen","2575","Befahrbare Lagerfläche - Platz für bis zu 11 Fahrzeuge","<p>Die zur Vermietung stehende Lagerfläche ist befahrbar und bietet Platz für bis zu elf Fahrzeuge. Die Fläche ist unbeheizt. Eine Grundbeleuchtung ist vorhanden, ebenso Steckdosen.</p><p>Abhängig von der Nutzung wird eine Strompauschale erhoben.</p><p>Die allg. Nebenkosten (pauschal) betragen CHF 10 / m2pa (exkl. Objektstrom, abhängig von der Nutzung).</p><p>Alle Beträge verstehen sich zzgl. gesetzlicher MwSt.</p><p>Gerne zeigen wir Ihnen diese spannende Fläche vor Ort.</p>","### Befahrbare Lagerfläche - Platz für bis zu 11 Fahrzeuge

Die zur Vermietung stehende Lagerfläche ist befahrbar und bietet Platz für bis zu elf Fahrzeuge. Die Fläche ist unbeheizt. Eine Grundbeleuchtung ist vorhanden, ebenso Steckdosen.

Abhängig von der Nutzung wird eine Strompauschale erhoben.

Die allg. Nebenkosten (pauschal) betragen CHF 10 / m2pa (exkl. Objektstrom, abhängig von der Nutzung).

Alle Beträge verstehen sich zzgl. gesetzlicher MwSt.

Gerne zeigen wir Ihnen diese spannende Fläche vor Ort.","0688a9c1-89f8-11ee-b1a8-0a4bde28e6f6","Commercial Space","Gewerbe","ab sofort","-1",,"145","https://casagateway.ch/media/provider-12797/property-1337022/b1d770fdcb507c76c3f444b52934a26f.jpeg?p=lg","https://casagateway.ch/media/provider-12797/property-1337022/db4298e65c45fc030bfa9f75bd2274ba.jpeg?p=lg","https://casagateway.ch/media/provider-12797/property-1209823/e8bc422b2d80540a4314f2aa4c9b3e9e.jpeg?p=lg",,,,,"100",,,,,,,
"33a","Stationsstrasse","Wangen-Brüttisellen","8306","Zwischennutzung-Halbe Etage mit Sitzungszimmer, Teeküche etc.","<p>In der Liegenschaft stehen zur Zwischennutzung bis am 31.03.2027 verschiedene Räume in ähnlichen Grössen zur Verfügung (von 21 m2 bis 330 m2). Grundsätzlich sind die Ausbauten gleichwertig (Teppich, Fenster etc.). Alle Flächen haben Zugang zu allgemeinen WC's und zu einer Teeküche auf der Etage.</p><p>Die Liegenschaft an äusserst attraktiver Lage direkt an der Autobahnabfahrt Brüttisellen zeichnet sich ausserdem durch folgende Eigenschaften aus:</p><ul><li>Verschiedenste Teilflächen auf allen Etagen</li><li>Repräsentativer Empfangsbereich</li><li>Volle Infrastruktur</li><li>Ausreichend Parkplätze (aussen)</li><li>Top Visibilität</li><li>Bestes Preis-Leistungsverhältnis</li><li>Gute Erschliessung ÖV's (Bahnhof Dietlikon 500 m und Buslinie 796)</li><li>Restaurants im näheren Umfeld</li></ul><p>Ein Nebenkosten-Akonto wird zusätzlich erhoben.</p><p>Parkplätze (aussen) können à CHF 100/Monat pro Stück gemietet werden.</p><p>Alle Beträge verstehen sich zuzgl. gesetzl. MwSt.</p><p>Gerne zeigen wir Ihnen diese spannende Gelegenheit vor Ort.</p>","### Zwischennutzung-Halbe Etage mit Sitzungszimmer, Teeküche etc.

In der Liegenschaft stehen zur Zwischennutzung bis am 31.03.2027 verschiedene Räume in ähnlichen Grössen zur Verfügung (von 21 m2 bis 330 m2). Grundsätzlich sind die Ausbauten gleichwertig (Teppich, Fenster etc.). Alle Flächen haben Zugang zu allgemeinen WC's und zu einer Teeküche auf der Etage.

Die Liegenschaft an äusserst attraktiver Lage direkt an der Autobahnabfahrt Brüttisellen zeichnet sich ausserdem durch folgende Eigenschaften aus:

*   Verschiedenste Teilflächen auf allen Etagen
*   Repräsentativer Empfangsbereich
*   Volle Infrastruktur
*   Ausreichend Parkplätze (aussen)
*   Top Visibilität
*   Bestes Preis-Leistungsverhältnis
*   Gute Erschliessung ÖV's (Bahnhof Dietlikon 500 m und Buslinie 796)
*   Restaurants im näheren Umfeld

Ein Nebenkosten-Akonto wird zusätzlich erhoben.

Parkplätze (aussen) können à CHF 100/Monat pro Stück gemietet werden.

Alle Beträge verstehen sich zuzgl. gesetzl. MwSt.

Gerne zeigen wir Ihnen diese spannende Gelegenheit vor Ort.","09e2b6f9-7879-11ee-86bd-0a4bde28e6f6","Office Space","Gewerbe","ab sofort",,,"326","https://casagateway.ch/media/provider-12797/property-1187719/70d9ba1908e2be8b144b07569dbeab1e.jpeg?p=lg","https://casagateway.ch/media/provider-12797/property-1187719/32d9fed4973c5415cf76fdee7ee9cdc6.jpeg?p=lg","https://casagateway.ch/media/provider-12797/property-1187719/82f501ab7be72adf6966bccf06bd902c.jpeg?p=lg","https://casagateway.ch/media/provider-12797/property-1273421/8cbdb7f4aed00d50750123aeb0d8b3bf.jpeg?p=lg","https://casagateway.ch/media/provider-12797/property-1273421/f3d3bd6b837a94c48b7cd6f1a280a0e7.jpeg?p=lg","https://casagateway.ch/media/provider-12797/property-1273421/be11f3db4d7d9b5a84dadcebb748a7ea.jpeg?p=lg","https://casagateway.ch/media/provider-12797/property-1273421/835ef478e67cced7d3cf0fd653411f9b.jpeg?p=lg","130","https://casagateway.ch/media/provider-12797/property-1325626/e66de0ad0d7b6601afb9c16efd56e5c6.jpeg?p=lg","https://casagateway.ch/media/provider-12797/property-1325626/11d1d5801f7fa4de62c6cf551e3a2459.jpeg?p=lg","https://casagateway.ch/media/provider-12797/property-1273421/78c085c146f640d8e73c7d06ee92a485.jpeg?p=lg","https://casagateway.ch/media/provider-12797/property-1160049/c0b07f393133195324e88b6a93264df5.jpeg?p=lg","https://casagateway.ch/media/provider-12797/property-1273421/7398680ba4ac498ff49dd4d12e060c1f.jpeg?p=lg",,
"18","Tödiweg","Volketswil","8604","Gewerbe-/Produktions-/Verkaufsflächen in Volketswil - 3'000 m2","<p></p><p>Zur Neuvermietung steht eine gesamte Liegenschaft in der Industriezone von Volketswil (ES III) unweit der Autobahn. Die Liegenschaft ist für verschiedene Nutzungen geeignet und kann unter den gegebenen Rahmenbedingungen umgenutzt werden. Die Mikrolage ist ausserordentlich gut.</p><p>Eine Teilflächenvermietung ist möglich. Die Teilflächen haben Grössen zwischen 500 m2 und 3'000 m2, wobei das Erdgeschoss aus ca. 2/3 Gewerbefläche und 1/3 Lagerfläche besteht.</p><p>Die Anlieferung ist durch einen Scherenhubtisch/Anpassrampen gewährleistet und der Warenfluss innerhalb des Gebäudes erfolgt über Warenlifte.</p><p>Eine Tiefgarage mit ausreichend Stellplätzen ist zudem vorhanden.&nbsp;</p><p>Aufgrund der heutigen Vermietungssituation werden weitere Informationen nur nach unterzeichneter Verschwiegenheitserklärung mitgeteilt.</p><p>Bei Interesse stehen wir Ihnen gerne zur Verfügung.&nbsp;&nbsp;</p><p></p>","### Gewerbe-/Produktions-/Verkaufsflächen in Volketswil - 3'000 m2

Zur Neuvermietung steht eine gesamte Liegenschaft in der Industriezone von Volketswil (ES III) unweit der Autobahn. Die Liegenschaft ist für verschiedene Nutzungen geeignet und kann unter den gegebenen Rahmenbedingungen umgenutzt werden. Die Mikrolage ist ausserordentlich gut.

Eine Teilflächenvermietung ist möglich. Die Teilflächen haben Grössen zwischen 500 m2 und 3'000 m2, wobei das Erdgeschoss aus ca. 2/3 Gewerbefläche und 1/3 Lagerfläche besteht.

Die Anlieferung ist durch einen Scherenhubtisch/Anpassrampen gewährleistet und der Warenfluss innerhalb des Gebäudes erfolgt über Warenlifte.

Eine Tiefgarage mit ausreichend Stellplätzen ist zudem vorhanden. 

Aufgrund der heutigen Vermietungssituation werden weitere Informationen nur nach unterzeichneter Verschwiegenheitserklärung mitgeteilt.

Bei Interesse stehen wir Ihnen gerne zur Verfügung.","0bce3464-5bb5-11ee-b2b2-0a4bde28e6f6","Commercial Space","Gewerbe","Auf Anfrage",,,"3000","https://casagateway.ch/media/provider-12797/property-1308414/85300b905606773d7efc2bd358e8ca53.png?p=lg",,,,,,,,,,,,,,
"56","Burrirain","Täuffelen","2575","Ladenfläche perfekt für Kleingewerbe","<p>Die zur Vermietung stehende Ladenfläche befindet sich unweit des Coops in Täuffelen. Die Mietfläche verfügt über Wasseranschlüsse und ein grosszügiges Schaufenster.</p><p>Eine bestehende Unterteilung trennt die Fläche in zwei Bereiche, welche bspw. als Lager und Verkaufsfläche dienen können.</p><p>Die allg. Nebenkosten (pauschal) betragen CHF 250 / Monat (exkl. Objektstrom, abhängig von der Nutzung).</p><p>Alle Beträge verstehen sich zzgl. gesetzlicher MwSt.&nbsp;</p><p>Gerne zeigen wir Ihnen diese spannende Fläche vor Ort.</p>","### Ladenfläche perfekt für Kleingewerbe

Die zur Vermietung stehende Ladenfläche befindet sich unweit des Coops in Täuffelen. Die Mietfläche verfügt über Wasseranschlüsse und ein grosszügiges Schaufenster.

Eine bestehende Unterteilung trennt die Fläche in zwei Bereiche, welche bspw. als Lager und Verkaufsfläche dienen können.

Die allg. Nebenkosten (pauschal) betragen CHF 250 / Monat (exkl. Objektstrom, abhängig von der Nutzung).

Alle Beträge verstehen sich zzgl. gesetzlicher MwSt. 

Gerne zeigen wir Ihnen diese spannende Fläche vor Ort.","0c6fbdeb-51ee-11ee-926d-0a4bde28e6f6","Commercial Space","Gewerbe","1. Juli 2024",,,"125","https://casagateway.ch/media/provider-12797/property-1302726/db7ae8c5127d5777d7aa2a9c71446811.jpeg?p=lg","https://casagateway.ch/media/provider-12797/property-1302726/a627b2fccb7fa704cda7edb1a2c2627a.jpeg?p=lg","https://casagateway.ch/media/provider-12797/property-1302726/25b106fcd222ba086b5ace6b8ae00cb1.jpeg?p=lg","https://casagateway.ch/media/provider-12797/property-1302726/e4d5e2ea313f3f76556a664d882124e6.jpeg?p=lg","https://casagateway.ch/media/provider-12797/property-1302726/0d06c85d53fc217ee44dd5a28a7ac48d.jpeg?p=lg",,,"1290",,,,,,,
"26","Industriestrasse","Winterthur","8404","Einziehen und starten!","<p>Die Mietfläche mit Platz für mindestens vier Arbeitsplätze ist ausgebaut und in einem ordentlichen Zustand. Das Mietobjekt kann quasi direkt bezogen werden.</p><p>Innenparkplätze sind à CHF 110 / Monat verfügbar.</p><p>Das NK-Akonto beträgt CHF 25 pro m2pa.</p><p>Alle Beträge verstehen sich zzgl. gesetzlicher MwSt.</p><p>Gerne zeigen wir Ihnen dieses Büro vor Ort.</p>","### Einziehen und starten!

Die Mietfläche mit Platz für mindestens vier Arbeitsplätze ist ausgebaut und in einem ordentlichen Zustand. Das Mietobjekt kann quasi direkt bezogen werden.

Innenparkplätze sind à CHF 110 / Monat verfügbar.

Das NK-Akonto beträgt CHF 25 pro m2pa.

Alle Beträge verstehen sich zzgl. gesetzlicher MwSt.

Gerne zeigen wir Ihnen dieses Büro vor Ort.","..(6396888)","Office Space","Gewerbe","ab sofort","3",,"64","https://casagateway.ch/media/provider-12797/property-975630/147f07fabe7c44ba40aa4c1542b43984.jpg?p=lg","https://casagateway.ch/media/provider-12797/property-975630/bc00809c39d07754c01e5badda486e63.jpg?p=lg","https://casagateway.ch/media/provider-12797/property-975630/2f09599e0d0394758433d201b7997dba.jpg?p=lg","https://casagateway.ch/media/provider-12797/property-975630/7eb6d899663d1ac4e72e4592dcbf65fb.jpg?p=lg","https://casagateway.ch/media/provider-12797/property-975630/49b6830414f6b5b03c3426a187e3311b.jpg?p=lg",,,"130",,,,,,,
"6E","Chaltenbodenstrasse","Feusisberg","8834","Voll ausgebaute Gewerbefläche mit robustem Bodenbelag und Unterteilung","<h3>Voll ausgebaute Gewerbefläche mit robustem Bodenbelag und Unterteilung</h3>
																								<p></p><p>Auf einer Fläche von insgesamt 133 m2 befinden sich ein offener Arbeitsbereich und zwei abgetrennte Einzelräume. Daneben ist eine Küche und ein eigenes WC mit Dusche installiert. Im Arbeitsbereich befindet sich ein zusätzliches Waschbecken. Die Fläche wäre daher auch als Atelier oder für ähnliche Nutzungen geeignet.&nbsp;</p><p>Im Gewerbequartier befinden sich ausserdem vielfältige Angebote von Restaurants bis hin zum Fitnesscenter.&nbsp;</p><p>Die Nebenkosten betragen CHF 30 pro m2pa.</p><p>Aussenparkplätze können für CHF 50 / Monat und Parkplätze in der Tiefgarage für CHF 120 / Monat gemietet werden.</p><p>Gerne zeigen wir Ihnen diese spannende Gelegenheit.</p><p></p>","### Voll ausgebaute Gewerbefläche mit robustem Bodenbelag und Unterteilung

### Voll ausgebaute Gewerbefläche mit robustem Bodenbelag und Unterteilung

Auf einer Fläche von insgesamt 133 m2 befinden sich ein offener Arbeitsbereich und zwei abgetrennte Einzelräume. Daneben ist eine Küche und ein eigenes WC mit Dusche installiert. Im Arbeitsbereich befindet sich ein zusätzliches Waschbecken. Die Fläche wäre daher auch als Atelier oder für ähnliche Nutzungen geeignet. 

Im Gewerbequartier befinden sich ausserdem vielfältige Angebote von Restaurants bis hin zum Fitnesscenter. 

Die Nebenkosten betragen CHF 30 pro m2pa.

Aussenparkplätze können für CHF 50 / Monat und Parkplätze in der Tiefgarage für CHF 120 / Monat gemietet werden.

Gerne zeigen wir Ihnen diese spannende Gelegenheit.","..(5990033)","Commercial Space","Gewerbe","ab sofort","2",,"133","https://casagateway.ch/media/provider-12797/property-1385892/5f9a6904cac91c394a96b8301087848c.jpeg?p=lg","https://casagateway.ch/media/provider-12797/property-1385892/b71473ddfd9d8c2b08b9fc9c42edce84.jpeg?p=lg","https://casagateway.ch/media/provider-12797/property-1385892/f30d6719584b6ba7459797474de84870.jpeg?p=lg","https://casagateway.ch/media/provider-12797/property-1385892/e3c238528394bba025fabcf558c43fc9.jpeg?p=lg","https://casagateway.ch/media/provider-12797/property-1385892/31d3f52dffd2435d00e57af1f574e6e5.jpeg?p=lg","https://casagateway.ch/media/provider-12797/property-1385892/43d4d642932bb614d332f4abd18a0530.jpeg?p=lg","https://casagateway.ch/media/provider-12797/property-1385892/3e92b47ca00ee6e00df583157383bf1f.jpeg?p=lg","140","https://casagateway.ch/media/provider-12797/property-1385892/dacaa7f5a18a3d6da7bf13002733e0f0.jpeg?p=lg","https://casagateway.ch/media/provider-12797/property-1385892/24821c72d03a1191d83a3d188b25b5fa.jpeg?p=lg","https://casagateway.ch/media/provider-12797/property-1385892/d14cfe7af0ef84e6dd7500679c6fb3ea.jpeg?p=lg","https://casagateway.ch/media/provider-12797/property-1385892/8b55fade9db57b5fd8972c3daddf63eb.png?p=lg",,,
"30","Europa-Strasse","Opfikon","8152","Geräumiges, klimatisiertes Einzelbüro","<h3>Geräumiges, klimatisiertes Einzelbüro</h3>
																								<p>An guter Lage in Glattbrugg steht ein helles, geräumiges und klimatisiertes Einzelbüro zur Vermietung.</p><p>Die Mietfläche zeichnet sich vor allem durch folgende Eigenschaften aus:</p><ul><li>Hohe Decken (4 m)</li><li>Teppichboden wird vor Bezug neu gemacht (Mitspracherecht)</li><li>Parkplätze vorhanden</li><li>Gute Verkehrsanbindung (Die Liegenschaft liegt unweit vom Bahnhof und der Tramstation ""Bäuler"" ; der Autobahnanschluss und der Flughafen Zürich befindet sich lediglich in zwei Minuten Entfernung).</li></ul><p>Das Nebenkosten-Akonto beträgt CHF 20 m2pa.</p><p>Aussenparkplätze sind zu CHF 120 / Monat verfügbar.</p><p>Alle Preisangaben verstehen sich zzgl. gesetzlicher MwSt.</p><p>Gerne zeigen wir Ihnen&nbsp;die Räumlichkeiten vor Ort.</p>","### Geräumiges, klimatisiertes Einzelbüro

### Geräumiges, klimatisiertes Einzelbüro

An guter Lage in Glattbrugg steht ein helles, geräumiges und klimatisiertes Einzelbüro zur Vermietung.

Die Mietfläche zeichnet sich vor allem durch folgende Eigenschaften aus:

*   Hohe Decken (4 m)
*   Teppichboden wird vor Bezug neu gemacht (Mitspracherecht)
*   Parkplätze vorhanden
*   Gute Verkehrsanbindung (Die Liegenschaft liegt unweit vom Bahnhof und der Tramstation ""Bäuler"" ; der Autobahnanschluss und der Flughafen Zürich befindet sich lediglich in zwei Minuten Entfernung).

Das Nebenkosten-Akonto beträgt CHF 20 m2pa.

Aussenparkplätze sind zu CHF 120 / Monat verfügbar.

Alle Preisangaben verstehen sich zzgl. gesetzlicher MwSt.

Gerne zeigen wir Ihnen die Räumlichkeiten vor Ort.","..(6599376)","Office Space","Gewerbe","ab sofort",,,"40","https://casagateway.ch/media/provider-12797/property-1297127/53a66815c40c684270c6cd27350f18b7.jpeg?p=lg","https://casagateway.ch/media/provider-12797/property-914760/97e037b463c181968d59c805f6251a27.jpg?p=lg",,,,,,"230",,,,,,,
"16a","Florastrasse","Biel","2502","Zentrale Büroflächen - saniert/teilsaniert mit zwei Eingängen!","<p>Die zur Vermietung stehende Bürofläche mit 313 m2 besteht aus zwei Mietobjekten (siehe auch Inserate mit 104 m2 und 209 m2), welche mit einem Durchbruch verbunden werden können. Dadurch entsteht ein Mietobjekt mit zwei WC-Anlagen inkl. zweier Duschen und zweier Küchen/Teeküchen. Zudem gibt es je einen Zugang über die Florastrasse 16 und 18, welche bspw. für einen Mitarbeitereingang und einen Kundeneingang genutzt werden können.</p><p>Eine der Flächen wurde bereits voll saniert, die andere kann bei Bedarf im gleichen, gehobenen Standard fertiggebaut werden (siehe Inserat 104 m2 und Bilder im Inserat). Alle Bereiche sind belüftet. Die Elektroverteilung befindet sich im Bodenkanal.&nbsp;</p><p>Die Mikrolage könnte kaum besser sein, wenn man ein innenstädtisches Büro sucht. In unmittelbarer Nähe gegenüber befindet sich das Coop-Restaurant und weitere Verpflegungsmöglichkeiten. Ein PureGym befindet sich ebenfalls im Gebäude nebenan.</p><p>Das Nebenkosten-Akonto beläuft sich auf CHF 26 m2pa.</p><p>Alle Beträge verstehen sich zzgl. gesetzlicher MwSt.</p><p>Gerne zeigen wir Ihnen diese spannende Gelegenheit vor Ort.</p>","### Zentrale Büroflächen - saniert/teilsaniert mit zwei Eingängen!

Die zur Vermietung stehende Bürofläche mit 313 m2 besteht aus zwei Mietobjekten (siehe auch Inserate mit 104 m2 und 209 m2), welche mit einem Durchbruch verbunden werden können. Dadurch entsteht ein Mietobjekt mit zwei WC-Anlagen inkl. zweier Duschen und zweier Küchen/Teeküchen. Zudem gibt es je einen Zugang über die Florastrasse 16 und 18, welche bspw. für einen Mitarbeitereingang und einen Kundeneingang genutzt werden können.

Eine der Flächen wurde bereits voll saniert, die andere kann bei Bedarf im gleichen, gehobenen Standard fertiggebaut werden (siehe Inserat 104 m2 und Bilder im Inserat). Alle Bereiche sind belüftet. Die Elektroverteilung befindet sich im Bodenkanal. 

Die Mikrolage könnte kaum besser sein, wenn man ein innenstädtisches Büro sucht. In unmittelbarer Nähe gegenüber befindet sich das Coop-Restaurant und weitere Verpflegungsmöglichkeiten. Ein PureGym befindet sich ebenfalls im Gebäude nebenan.

Das Nebenkosten-Akonto beläuft sich auf CHF 26 m2pa.

Alle Beträge verstehen sich zzgl. gesetzlicher MwSt.

Gerne zeigen wir Ihnen diese spannende Gelegenheit vor Ort.","21c9e6ef-d263-11ee-afda-0a4bde28e6f6","Office Space","Gewerbe","ab sofort","1",,"313","https://casagateway.ch/media/provider-12797/property-1380341/86a5637af0c6ec062dd43a2e4e8a3056.jpeg?p=lg","https://casagateway.ch/media/provider-12797/property-1380341/d124a39eb67bb6a78f669467c4eef27f.jpeg?p=lg","https://casagateway.ch/media/provider-12797/property-1380341/5ef1bcd7ba9c2119f33fbf19d581348c.jpeg?p=lg","https://casagateway.ch/media/provider-12797/property-1380341/7b59e364e4c4a63c6b90bdb2880648a8.jpeg?p=lg","https://casagateway.ch/media/provider-12797/property-1380341/1de1eba84b87e114f0809c47cde69f6d.jpeg?p=lg","https://casagateway.ch/media/provider-12797/property-1380341/1ee1a0d7fc3838a020aaaafa75480221.jpeg?p=lg","https://casagateway.ch/media/provider-12797/property-1380341/7026d5ac09483c303c4ff5723d8984b7.jpeg?p=lg","215","https://casagateway.ch/media/provider-12797/property-1380341/c59fc5038488c5fbfc53221a61fb381a.jpeg?p=lg","https://casagateway.ch/media/provider-12797/property-1380410/d57ac588b331366f67280c61d3d6ad97.jpeg?p=lg","https://casagateway.ch/media/provider-12797/property-1380410/9a8ee1f6003dbc693b90552ed35d5450.jpeg?p=lg","https://casagateway.ch/media/provider-12797/property-1380410/5284a4498140e04ebedfb497f3dfdce0.jpeg?p=lg","https://casagateway.ch/media/provider-12797/property-1380341/44d9ba64d932f6ebdb0d8107b6d4974f.jpeg?p=lg",,
"9","Im Grund","Gretzenbach","5014","Lager - teilweise mit Tageslicht","<p>Die verfügbare Gewerbefläche von 278 m2 wird mit Gitterabtrennungen unterteilt und die Flächengrösse kann in einem gewissen Rahmen noch angepasst werden. Die Mindestgrösse beträgt jedoch ca. 50 m2.</p><ul><li>Ein Warenlift ist vorhanden</li><li>Die Bodenlast beträgt 500 kg/m2</li></ul><p>Die Preise variieren vom tatsächlichen Aufwand der Unterteilungen.</p><p>Alle Beträge verstehen sich zzgl. gesetzlicher MwSt.</p><p>Gerne zeigen wir Ihnen die spannende Gewerbefläche vor Ort.</p>","### Lager - teilweise mit Tageslicht

Die verfügbare Gewerbefläche von 278 m2 wird mit Gitterabtrennungen unterteilt und die Flächengrösse kann in einem gewissen Rahmen noch angepasst werden. Die Mindestgrösse beträgt jedoch ca. 50 m2.

*   Ein Warenlift ist vorhanden
*   Die Bodenlast beträgt 500 kg/m2

Die Preise variieren vom tatsächlichen Aufwand der Unterteilungen.

Alle Beträge verstehen sich zzgl. gesetzlicher MwSt.

Gerne zeigen wir Ihnen die spannende Gewerbefläche vor Ort.","..(6596254)","Commercial Space","Gewerbe","ab sofort","1",,"50","https://casagateway.ch/media/provider-12797/property-914755/fab3be28a69b6b002d5e101487f769fb.jpg?p=lg","https://casagateway.ch/media/provider-12797/property-914755/0fb75edf9137e3111f213b9f2c1ff781.jpg?p=lg","https://casagateway.ch/media/provider-12797/property-914755/a95d35490925ec10530cc9b25b4cd2a7.jpg?p=lg","https://casagateway.ch/media/provider-12797/property-914755/8e4a50a7b6a59cbb971c9a6312dcbfed.jpg?p=lg","https://casagateway.ch/media/provider-12797/property-914755/4e6762a62509862f4be0e5883f799112.jpg?p=lg",,,,,,,,,,
"14","Sternenfeldstrasse","Birsfelden","4127","Frisch gemalert mit Grundbeleuchtung!","<p>Die im 4.OG befindliche, äusserst helle Büro-/Gewerbefläche (Tageslicht von zwei Seiten) befindet sich im Edel-Rohbau und kann quasi frei gestaltet werden. Kürzlich wurden die Wände gemalert und eine Grundbeleuchtung installiert.</p><p>Das Nebenkostenakonto beträgt CHF 20 m2pa.</p><p>Parkplätze sind in der Tiefgarage zu CHF 105 / Monat verfügbar.</p><p>Alle Preisangaben zzgl. gesetzl. MwSt.</p><p>Gerne zeigen wir Ihnen diese spannende Gelegenheit vor Ort.</p>","### Frisch gemalert mit Grundbeleuchtung!

Die im 4.OG befindliche, äusserst helle Büro-/Gewerbefläche (Tageslicht von zwei Seiten) befindet sich im Edel-Rohbau und kann quasi frei gestaltet werden. Kürzlich wurden die Wände gemalert und eine Grundbeleuchtung installiert.

Das Nebenkostenakonto beträgt CHF 20 m2pa.

Parkplätze sind in der Tiefgarage zu CHF 105 / Monat verfügbar.

Alle Preisangaben zzgl. gesetzl. MwSt.

Gerne zeigen wir Ihnen diese spannende Gelegenheit vor Ort.","..(6438864)","Commercial Space","Gewerbe","ab sofort","4",,"159","https://casagateway.ch/media/provider-12797/property-1378158/dfbfa29298aa9ce9f8dd358c3aadc2b8.jpeg?p=lg","https://casagateway.ch/media/provider-12797/property-1378158/54a52e9c4edb125cd0d7a7f28bb53ecd.jpeg?p=lg","https://casagateway.ch/media/provider-12797/property-1378158/c3e5c65fd1ebd3516928a2fee69e48e6.jpeg?p=lg","https://casagateway.ch/media/provider-12797/property-1378158/12cfebd283de37e544be0edded73dd98.jpeg?p=lg","https://casagateway.ch/media/provider-12797/property-1378158/237c77b360741d19535c5bfb22406e83.jpeg?p=lg","https://casagateway.ch/media/provider-12797/property-1378158/08341808fef456985d46191e335b72da.png?p=lg","https://casagateway.ch/media/provider-12797/property-1293017/31d8b938f51b1663d8becbd497dc385b.png?p=lg","115",,,,,,,
"26","Industriestrasse","Winterthur","8404","Voll ausgebaut inkl. kleinem Sitzungsraum!","<h3>Voll ausgebaut inkl. kleinem Sitzungsraum!</h3>
																								<p></p><p>Der helle und voll ausgebaute Büroraum verfügt über</p><p>- Bodenbelag (sehr gut erhalten)</p><p>- Deckenbeleuchtung</p><p>- Netzwerkverkabelung mit Rack</p><p>- zwei kleine, abgetrennte Räume (Sitzung/IT)</p><p>- Aussicht</p><p>Parkplätze sind zu CHF 110.- / Monat in der Tiefgarage verfügbar und können dazu gemietet werden.</p><p>Das NK-Akonto beträgt CHF 25 pro m2pa.</p><p>Gerne zeigen wir Ihnen&nbsp;das Büro vor Ort.</p><p></p>","### Voll ausgebaut inkl. kleinem Sitzungsraum!

### Voll ausgebaut inkl. kleinem Sitzungsraum!

Der helle und voll ausgebaute Büroraum verfügt über

\- Bodenbelag (sehr gut erhalten)

\- Deckenbeleuchtung

\- Netzwerkverkabelung mit Rack

\- zwei kleine, abgetrennte Räume (Sitzung/IT)

\- Aussicht

Parkplätze sind zu CHF 110.- / Monat in der Tiefgarage verfügbar und können dazu gemietet werden.

Das NK-Akonto beträgt CHF 25 pro m2pa.

Gerne zeigen wir Ihnen das Büro vor Ort.","..(6118642)","Office Space","Gewerbe","ab sofort","3",,"133","https://casagateway.ch/media/provider-12797/property-1114912/ab068eeb81dd5f37aa9282c904ca3dd1.jpg?p=lg","https://casagateway.ch/media/provider-12797/property-1114912/0dcb5b48d819f07b16dfbb7c93c9be7f.jpg?p=lg","https://casagateway.ch/media/provider-12797/property-1114912/4befbe423a3227e55f9ddecef60269f1.jpg?p=lg","https://casagateway.ch/media/provider-12797/property-1114912/5aa33ae86f50a35a9a82599520df42c3.jpg?p=lg","https://casagateway.ch/media/provider-12797/property-1114912/203ffe463b82525684f8df28cd880139.jpg?p=lg","https://casagateway.ch/media/provider-12797/property-1114912/f1172d4fc47e833ef07011a25c9f83f8.jpg?p=lg","https://casagateway.ch/media/provider-12797/property-1114912/8abd84a82a14bb428e7bee2b52647ee0.jpg?p=lg","125",,,,,,,
"66","Neugutstrasse","Dübendorf","8600","Open Space, Sitzungszimmer, Teeküche - einfach einziehen!","<p>Die angebotene Bürofläche ist voll ausgebaut und verfügt über eine gut erhaltene Küchenzeile. Ein Sitzungszimmer (alternativ als Einzelbüro) ist bereits vorhanden. Die IT-Verteilung inkl. Rack innerhalb der Fläche kann vom Vormieter übernommen werden. Weitere Unterteilungen sind möglich.</p><p>Die Liegenschaft ist hervorragend mit den ÖV's erschlossen. Die Tramstation Ringwiesen befindet sich in 400 m Entfernung und die Buslinie 759 hält vor dem Nachbargebäude. Zudem verfügt das Quartier über diverse Retailer, Restaurants/Imbisse bis hin zum Fitnesscenter.</p><p>Parkplätze à CHF 130 / Monat sind in der Tiefgarage verfügbar.</p><p>Das Nebenkosten-Akonto beträgt CHF 30 m2pa.</p><p>Alle Beträge zzgl. gesetzlicher MwSt.&nbsp;</p><p>Gerne zeigen wir Ihnen diese praktische Bürofläche vor Ort.</p><p>&nbsp;</p><p>&nbsp;</p><p>&nbsp;</p>","### Open Space, Sitzungszimmer, Teeküche - einfach einziehen!

Die angebotene Bürofläche ist voll ausgebaut und verfügt über eine gut erhaltene Küchenzeile. Ein Sitzungszimmer (alternativ als Einzelbüro) ist bereits vorhanden. Die IT-Verteilung inkl. Rack innerhalb der Fläche kann vom Vormieter übernommen werden. Weitere Unterteilungen sind möglich.

Die Liegenschaft ist hervorragend mit den ÖV's erschlossen. Die Tramstation Ringwiesen befindet sich in 400 m Entfernung und die Buslinie 759 hält vor dem Nachbargebäude. Zudem verfügt das Quartier über diverse Retailer, Restaurants/Imbisse bis hin zum Fitnesscenter.

Parkplätze à CHF 130 / Monat sind in der Tiefgarage verfügbar.

Das Nebenkosten-Akonto beträgt CHF 30 m2pa.

Alle Beträge zzgl. gesetzlicher MwSt. 

Gerne zeigen wir Ihnen diese praktische Bürofläche vor Ort.","254bdb56-7447-11ec-842e-005056bdbc06","Office Space","Gewerbe","ab sofort","1",,"247","https://casagateway.ch/media/provider-12797/property-959691/91414427ba9388b8b12443eb56cf8692.jpg?p=lg","https://casagateway.ch/media/provider-12797/property-959691/57d3c2c1d2f1a5f42ab12cfac2004b1b.jpg?p=lg","https://casagateway.ch/media/provider-12797/property-959691/3f62d45b1c762143b540b7aad0d017dc.jpg?p=lg","https://casagateway.ch/media/provider-12797/property-959691/143b2094e6efbf91e04f56bfc59cc84f.jpg?p=lg","https://casagateway.ch/media/provider-12797/property-959691/86a9bc62037d00d95e363c74dbd218b4.jpg?p=lg","https://casagateway.ch/media/provider-12797/property-959691/d98f940c87b291c69e93948f76d4aeb5.jpg?p=lg","https://casagateway.ch/media/provider-12797/property-959691/3eb95eeb644b1de17900d0cb267aa247.jpg?p=lg","190","https://casagateway.ch/media/provider-12797/property-1153803/2da6ded9e95a13360567dbdf04ab903b.jpeg?p=lg","https://casagateway.ch/media/provider-12797/property-1153803/97be7c79f98dd3b42674f728366697ab.jpeg?p=lg","https://casagateway.ch/media/provider-12797/property-959659/d538caf2d015a148af5840353dadb380.jpg?p=lg","https://casagateway.ch/media/provider-12797/property-959659/5d3e3c1f48397c78ed9b990a7c69be1e.jpg?p=lg","https://casagateway.ch/media/provider-12797/property-959659/473cbc0e666fa3a8f7da7516e069d410.jpg?p=lg",,
"9","Im Grund","Gretzenbach","5014","Lagerbox im 1.OG - 35 m2","<p>Die verfügbaren Lagerboxen sind über einen Warenlift zugänglich und haben aufgrund des Schrägdachs eine Deckenhöhe bis über 3 m.</p><p>Die Bodenlast beträgt 500 kg/m2.</p><p>Im monatlichen Mietzins von CHF 307 sind die Nebenkosten bereits einhaltet.</p><p>Alle Beträge verstehen sich zzgl. gesetzlicher MwSt..</p><p>Gerne zeigen wir Ihnen die Lager vor Ort.</p>","### Lagerbox im 1.OG - 35 m2

Die verfügbaren Lagerboxen sind über einen Warenlift zugänglich und haben aufgrund des Schrägdachs eine Deckenhöhe bis über 3 m.

Die Bodenlast beträgt 500 kg/m2.

Im monatlichen Mietzins von CHF 307 sind die Nebenkosten bereits einhaltet.

Alle Beträge verstehen sich zzgl. gesetzlicher MwSt..

Gerne zeigen wir Ihnen die Lager vor Ort.","..(6596245)","Commercial Space","Lager","ab sofort","1","307","35","https://casagateway.ch/media/provider-12797/property-914753/cb46b99607ec34d06074c53c065bdefc.jpg?p=lg","https://casagateway.ch/media/provider-12797/property-914753/172f45401bdbabd64d66e1781005db2b.jpg?p=lg","https://casagateway.ch/media/provider-12797/property-914753/b3b984f296f58b40dc858bb4e11bc85d.jpg?p=lg",,,,,,,,,,,,
"80b","Bösch","Hünenberg","6331","Doppelbüro mit grosszügigem Schulungsraum (inkl. Faltwand)!","<p>Wir vermieten zwei/drei voll ausgebaute Räume für Schulungs-/Ausbildungszwecke. Der Schulungsraum kann mit einer Faltwand geöffnet werden. Zudem können die Scheiben zum Korridor hin verdunkelt werden. Multimedia (eher veraltet) kann vom Vormieter übernommen werden.</p><ul><li>Bereits unterteilte Räume mit sehr hellen, lichtdurchfluteten Büros</li><li>Grosszügiger Empfang, Aufenthaltsbereich, grosse Küche</li><li>Autobahn in 1 min erreichbar</li><li>Buslinien 48 und 51 halten direkt vor der Liegenschaft.</li><li>Einstellplätze à CHF 125 verfügbar&nbsp;</li><li>Das NK-Akonto beträgt CHF 20 m2pa</li><li>Für den Objektstrom wird eine kleine Pauschale von CHF 5 m2pa erhoben.</li></ul><p>Gerne zeigen wir Ihnen die Räumlichkeiten vor Ort und freuen uns auf Ihre Kontaktaufnahme.</p>","### Doppelbüro mit grosszügigem Schulungsraum (inkl. Faltwand)!

Wir vermieten zwei/drei voll ausgebaute Räume für Schulungs-/Ausbildungszwecke. Der Schulungsraum kann mit einer Faltwand geöffnet werden. Zudem können die Scheiben zum Korridor hin verdunkelt werden. Multimedia (eher veraltet) kann vom Vormieter übernommen werden.

*   Bereits unterteilte Räume mit sehr hellen, lichtdurchfluteten Büros
*   Grosszügiger Empfang, Aufenthaltsbereich, grosse Küche
*   Autobahn in 1 min erreichbar
*   Buslinien 48 und 51 halten direkt vor der Liegenschaft.
*   Einstellplätze à CHF 125 verfügbar 
*   Das NK-Akonto beträgt CHF 20 m2pa
*   Für den Objektstrom wird eine kleine Pauschale von CHF 5 m2pa erhoben.

Gerne zeigen wir Ihnen die Räumlichkeiten vor Ort und freuen uns auf Ihre Kontaktaufnahme.","..(6690014)","Office Space","Gewerbe","ab sofort","2",,"152","https://casagateway.ch/media/provider-12797/property-914726/e813f935873700d2d197e850ff43402f.jpg?p=lg","https://casagateway.ch/media/provider-12797/property-1325644/9aeba02143407a8df98c2a74f01de7dc.jpeg?p=lg","https://casagateway.ch/media/provider-12797/property-1325644/603f6c786612bd493a4d2c0eb7968998.jpeg?p=lg","https://casagateway.ch/media/provider-12797/property-1325644/e1e5c8389017e154f31b554d09204c94.jpeg?p=lg","https://casagateway.ch/media/provider-12797/property-914726/95568de9b15a0f46a1400f185122a337.jpg?p=lg","https://casagateway.ch/media/provider-12797/property-914726/b6b5af1e58d301deadc7322191098948.jpg?p=lg","https://casagateway.ch/media/provider-12797/property-914726/763e73bba99898651d70437fb00ce075.jpg?p=lg","150","https://casagateway.ch/media/provider-12797/property-914726/7a3a036eea3181b61eb5b119223fd05d.jpg?p=lg","https://casagateway.ch/media/provider-12797/property-1140057/e308bcd25670fb4671eac7ec231eb6c7.jpg?p=lg","https://casagateway.ch/media/provider-12797/property-1240251/d2b172fad2c2fefc752dc5d118263c21.jpeg?p=lg",,,,
"91","Eggstrasse","Rüschlikon","8803","Bezugsbereite top ausgebaute und bei Interesse auch möblierte Bürofläche an guter Lage","<p>Direkt an der Autobahnausfahrt Rüschlikon vermieten wir eine repräsentative, modern ausgebaute und möblierte Bürofläche von ca. 300 m2 auf einer Etage.</p><p>Eckdaten:</p><ul><li>Repräsentativer und hochwertiger Innenausbau</li><li>Offener, flexibler Grundriss mit diversen Einzel- und Grossraumbüros sowie Sitzungszimmern</li><li>Lichtdurchflutete Räume</li><li>Grosszügiger Aufenthaltsraum mit voll ausgebauter Küche und genügend Sitzgelegenheiten</li><li>Eigene Toilettenanlagen mit zusätzlicher Dusche innerhalb der Mietfläche</li><li>Kühlung/ Lüftung</li><li>Bestehende, erstklassige Büroeinrichtung kann auf Wunsch gekauft oder gemietet werden</li><li>ca. 20 Parkplätze à CHF 130/ Mt. in der Tiefgarage vorhanden</li></ul><p>Das Nebenkostenakonto beträgt ca. 40m2pa.</p><p>Alle Preise zzgl. gesetzlicher MwSt.&nbsp;</p><p>Die Autobahnausfahrt und Bushaltestelle (S-Bahn, Bahnhof Rüschlikon oder Bahnhof Thalwil, Zürich) befinden sich direkt vor der Liegenschaft&nbsp;</p><p>Gerne zeigen wir Ihnen diese spannenden Räumlichkeiten vor Ort.</p>","### Bezugsbereite top ausgebaute und bei Interesse auch möblierte Bürofläche an guter Lage

Direkt an der Autobahnausfahrt Rüschlikon vermieten wir eine repräsentative, modern ausgebaute und möblierte Bürofläche von ca. 300 m2 auf einer Etage.

Eckdaten:

*   Repräsentativer und hochwertiger Innenausbau
*   Offener, flexibler Grundriss mit diversen Einzel- und Grossraumbüros sowie Sitzungszimmern
*   Lichtdurchflutete Räume
*   Grosszügiger Aufenthaltsraum mit voll ausgebauter Küche und genügend Sitzgelegenheiten
*   Eigene Toilettenanlagen mit zusätzlicher Dusche innerhalb der Mietfläche
*   Kühlung/ Lüftung
*   Bestehende, erstklassige Büroeinrichtung kann auf Wunsch gekauft oder gemietet werden
*   ca. 20 Parkplätze à CHF 130/ Mt. in der Tiefgarage vorhanden

Das Nebenkostenakonto beträgt ca. 40m2pa.

Alle Preise zzgl. gesetzlicher MwSt. 

Die Autobahnausfahrt und Bushaltestelle (S-Bahn, Bahnhof Rüschlikon oder Bahnhof Thalwil, Zürich) befinden sich direkt vor der Liegenschaft 

Gerne zeigen wir Ihnen diese spannenden Räumlichkeiten vor Ort.","2f709f78-d0ae-11ee-afda-0a4bde28e6f6","Office Space","Gewerbe","ab sofort","3",,"400","https://casagateway.ch/media/provider-12797/property-1191576/5c5e97baffcf791a2b8dd7f6d0ebb9d9.jpeg?p=lg","https://casagateway.ch/media/provider-12797/property-1191576/b41e7cbab8726fe93dcd9a8b8ecd7b73.jpeg?p=lg","https://casagateway.ch/media/provider-12797/property-1191707/2e6cd7b0f62d8e14e105bdc7690ca658.jpeg?p=lg","https://casagateway.ch/media/provider-12797/property-1191576/3bb4f6f3ebb953ff62968154e4b34d1b.jpeg?p=lg","https://casagateway.ch/media/provider-12797/property-1191576/869b897f53015964374f7123b3973b92.jpeg?p=lg","https://casagateway.ch/media/provider-12797/property-1191576/3395e05fce8e2ab0f0f7b579bb4783a4.jpeg?p=lg","https://casagateway.ch/media/provider-12797/property-1191576/630b3b5cf70e54dc6356a4dfad4b950f.jpeg?p=lg","220","https://casagateway.ch/media/provider-12797/property-1191576/bc54c6cc2a4785fe1247a3d9968452f0.jpeg?p=lg","https://casagateway.ch/media/provider-12797/property-1191576/fffb49864c9078eb2be4ce3fef4f7ea0.jpeg?p=lg","https://casagateway.ch/media/provider-12797/property-1191576/d5a0203120d676d6a5d60a807f1ff3f1.jpeg?p=lg","https://casagateway.ch/media/provider-12797/property-1191576/ad1f840ed747559a902cf42cba93661b.jpeg?p=lg","https://casagateway.ch/media/provider-12797/property-1191576/6b714377c9bfcfc4fe4e0228a89a5ec0.jpeg?p=lg","https://casagateway.ch/media/provider-12797/property-1191576/9205b52567e18b6d9d2c27bfff642e60.jpeg?p=lg","https://casagateway.ch/media/provider-12797/property-1191576/1d00e05619628eeaaf32ef9a31f64ec6.jpeg?p=lg"
"33a","Stationsstrasse","Wangen-Brüttisellen","8306","Helle Erdgeschossfläche mit ebenerdiger Anlieferung (bis 31.03.2027)","<p>Die hier angebotene EG-Fläche besteht aus einem offenen Bereich mit ca. 135 m2, der für kleinere (ebenerdige) Warenbewegungen geeignet ist und über einen separaten Zugang mit doppelflügeliger Türe verfügt. Daneben bestehen Unterteilungen von einzelnen Büroräumen in den Grössen 22 m2 und 45 m2.</p><p>Die Liegenschaft an äusserst attraktiver Lage direkt an der Autobahnabfahrt Brüttisellen zeichnet sich ausserdem durch folgende Eigenschaften aus:</p><ul><li>Repräsentativer Empfangsbereich</li><li>Volle Infrastruktur</li><li>Alle Etagen mit eigenen WC's und Teeküche</li><li>Ausreichend Parkplätze (aussen)</li><li>Top Visibilität</li><li>Bestes Preis-Leistungsverhältnis</li><li>Gute Erschliessung ÖV's (Bahnhof Dietlikon 500 m und Buslinie 796)</li><li>Restaurants im näheren Umfeld</li></ul><p>Die Nebenkosten betragen CHF 40 m2pa. Parkplätze (aussen) können à CHF 100/Monat pro Stück gemietet.</p><p>Alle Beträge zzgl. gesetzlicher MwSt.&nbsp;</p><p>Gerne zeigen wir Ihnen diese spannende Gelegenheit vor Ort.</p>","### Helle Erdgeschossfläche mit ebenerdiger Anlieferung (bis 31.03.2027)

Die hier angebotene EG-Fläche besteht aus einem offenen Bereich mit ca. 135 m2, der für kleinere (ebenerdige) Warenbewegungen geeignet ist und über einen separaten Zugang mit doppelflügeliger Türe verfügt. Daneben bestehen Unterteilungen von einzelnen Büroräumen in den Grössen 22 m2 und 45 m2.

Die Liegenschaft an äusserst attraktiver Lage direkt an der Autobahnabfahrt Brüttisellen zeichnet sich ausserdem durch folgende Eigenschaften aus:

*   Repräsentativer Empfangsbereich
*   Volle Infrastruktur
*   Alle Etagen mit eigenen WC's und Teeküche
*   Ausreichend Parkplätze (aussen)
*   Top Visibilität
*   Bestes Preis-Leistungsverhältnis
*   Gute Erschliessung ÖV's (Bahnhof Dietlikon 500 m und Buslinie 796)
*   Restaurants im näheren Umfeld

Die Nebenkosten betragen CHF 40 m2pa. Parkplätze (aussen) können à CHF 100/Monat pro Stück gemietet.

Alle Beträge zzgl. gesetzlicher MwSt. 

Gerne zeigen wir Ihnen diese spannende Gelegenheit vor Ort.","321e7f5d-1eef-11ee-926d-0a4bde28e6f6","Commercial Space","Gewerbe","ab sofort",,,"420","https://casagateway.ch/media/provider-12797/property-1187722/4c499a7c1fe78d797ce6316f61811536.jpeg?p=lg","https://casagateway.ch/media/provider-12797/property-1187722/06e45f96dffd3080c163f98f83e09881.jpeg?p=lg","https://casagateway.ch/media/provider-12797/property-1187722/923e4dc65fe324cde1e3bb57b9f145d6.jpeg?p=lg","https://casagateway.ch/media/provider-12797/property-1187722/b8b8863a88133c2b56a3edff4c4d6bbb.jpeg?p=lg","https://casagateway.ch/media/provider-12797/property-1187722/f1536d240b2f31f0e3310f9123a3a560.jpeg?p=lg","https://casagateway.ch/media/provider-12797/property-1187722/42f3911b9529fd8e3dd67f649210dbe6.jpeg?p=lg","https://casagateway.ch/media/provider-12797/property-1160049/c0b07f393133195324e88b6a93264df5.jpeg?p=lg","150",,,,,,,
"91","Eggstrasse","Rüschlikon","8803","Bezugsbereite top ausgebaute und bei Interesse auch möblierte Bürofläche an guter Lage","<p>Direkt an der Autobahnausfahrt Rüschlikon vermieten wir eine repräsentative, modern ausgebaute und bei Interesse möblierte Bürofläche von 1'200 m2 auf einer ganzen Etage.</p><p>Eckdaten:</p><ul><li>Repräsentativer und hochwertiger Innenausbau</li><li>Offener, flexibler Grundriss mit diversen Einzel- und Grossraumbüros sowie Sitzungszimmern</li><li>Lichtdurchflutete Räume</li><li>Grosszügiger Aufenthaltsraum mit voll ausgebauter Küche und genügend Sitzgelegenheiten</li><li>Eigene Toilettenanlagen mit zusätzlicher Dusche innerhalb der Mietfläche</li><li>Kühlung/ Lüftung</li><li>Bestehende, erstklassige Büroeinrichtung kann auf Wunsch gekauft oder gemietet werden</li><li>ca. 20 Parkplätze à CHF 130/ Mt. in der Tiefgarage vorhanden</li></ul><p>Das Nebenkostenakonto beträgt ca. 40m2pa.</p><p>Alle Preise zzgl. gesetzlicher MwSt.&nbsp;</p><p>Die Autobahnausfahrt und Bushaltestelle (S-Bahn, Bahnhof Rüschlikon oder Bahnhof Thalwil, Zürich) befinden sich direkt vor der Liegenschaft&nbsp;</p><p>Gerne zeigen wir Ihnen diese spannenden Räumlichkeiten vor Ort.</p>","### Bezugsbereite top ausgebaute und bei Interesse auch möblierte Bürofläche an guter Lage

Direkt an der Autobahnausfahrt Rüschlikon vermieten wir eine repräsentative, modern ausgebaute und bei Interesse möblierte Bürofläche von 1'200 m2 auf einer ganzen Etage.

Eckdaten:

*   Repräsentativer und hochwertiger Innenausbau
*   Offener, flexibler Grundriss mit diversen Einzel- und Grossraumbüros sowie Sitzungszimmern
*   Lichtdurchflutete Räume
*   Grosszügiger Aufenthaltsraum mit voll ausgebauter Küche und genügend Sitzgelegenheiten
*   Eigene Toilettenanlagen mit zusätzlicher Dusche innerhalb der Mietfläche
*   Kühlung/ Lüftung
*   Bestehende, erstklassige Büroeinrichtung kann auf Wunsch gekauft oder gemietet werden
*   ca. 20 Parkplätze à CHF 130/ Mt. in der Tiefgarage vorhanden

Das Nebenkostenakonto beträgt ca. 40m2pa.

Alle Preise zzgl. gesetzlicher MwSt. 

Die Autobahnausfahrt und Bushaltestelle (S-Bahn, Bahnhof Rüschlikon oder Bahnhof Thalwil, Zürich) befinden sich direkt vor der Liegenschaft 

Gerne zeigen wir Ihnen diese spannenden Räumlichkeiten vor Ort.","332cd57f-b546-11ee-b1a8-0a4bde28e6f6","Office Space","Gewerbe","ab sofort","3",,"1200","https://casagateway.ch/media/provider-12797/property-1191576/3bb4f6f3ebb953ff62968154e4b34d1b.jpeg?p=lg","https://casagateway.ch/media/provider-12797/property-1191576/b41e7cbab8726fe93dcd9a8b8ecd7b73.jpeg?p=lg","https://casagateway.ch/media/provider-12797/property-1191707/2e6cd7b0f62d8e14e105bdc7690ca658.jpeg?p=lg","https://casagateway.ch/media/provider-12797/property-1191576/869b897f53015964374f7123b3973b92.jpeg?p=lg","https://casagateway.ch/media/provider-12797/property-1191576/3395e05fce8e2ab0f0f7b579bb4783a4.jpeg?p=lg","https://casagateway.ch/media/provider-12797/property-1191576/630b3b5cf70e54dc6356a4dfad4b950f.jpeg?p=lg","https://casagateway.ch/media/provider-12797/property-1191576/bc54c6cc2a4785fe1247a3d9968452f0.jpeg?p=lg","220","https://casagateway.ch/media/provider-12797/property-1191576/fffb49864c9078eb2be4ce3fef4f7ea0.jpeg?p=lg","https://casagateway.ch/media/provider-12797/property-1191576/d5a0203120d676d6a5d60a807f1ff3f1.jpeg?p=lg","https://casagateway.ch/media/provider-12797/property-1191576/ad1f840ed747559a902cf42cba93661b.jpeg?p=lg","https://casagateway.ch/media/provider-12797/property-1191576/6b714377c9bfcfc4fe4e0228a89a5ec0.jpeg?p=lg","https://casagateway.ch/media/provider-12797/property-1191576/9205b52567e18b6d9d2c27bfff642e60.jpeg?p=lg","https://casagateway.ch/media/provider-12797/property-1191576/5c5e97baffcf791a2b8dd7f6d0ebb9d9.jpeg?p=lg","https://casagateway.ch/media/provider-12797/property-1191576/1d00e05619628eeaaf32ef9a31f64ec6.jpeg?p=lg"
"174","Vorstadtstrasse","Laupersdorf","4712","Jetzt auch die Eck-Einheiten mit mehr Tageslicht! GreenPlaces Balsthal","<p></p><p>GreenPlaces ist ein modernes, modulares und ökologisch nachhaltiges Gewerbeparkkonzept, das lokalen KMU's und auch Start-Up's ermöglicht, Geschäftsflächen zu günstigen Konditionen zu mieten.</p><p>Zur Vermietung stehen einzelne als auch doppelte Einheiten. Auf Anfrage können auch mehrere Einheiten ec bloc gemietet resp. gekauft werden.</p><p>Die Nettogeschossfläche auf drei Stockwerken beträgt 163 m2. Die Flächen sind bereits zweckmässig ausgebaut (WC, Heizung/Kühlung, Malerarbeiten, Elektro-Grundverteilung) und können unmittelbar genutzt werden. Bei der Nutzung bestehen kaum Einschränkungen.</p><p>Ein Parkplatz pro Einheit kann für CHF 50 / Monat gemietet werden.</p><p>Das Nebenkosten-Akonto beträgt CHF 50 / Monat.</p><p>Gerne zeigen wir Ihnen dieses spannende und zweckmässige Konzept vor Ort.</p><p></p>","### Jetzt auch die Eck-Einheiten mit mehr Tageslicht! GreenPlaces Balsthal

GreenPlaces ist ein modernes, modulares und ökologisch nachhaltiges Gewerbeparkkonzept, das lokalen KMU's und auch Start-Up's ermöglicht, Geschäftsflächen zu günstigen Konditionen zu mieten.

Zur Vermietung stehen einzelne als auch doppelte Einheiten. Auf Anfrage können auch mehrere Einheiten ec bloc gemietet resp. gekauft werden.

Die Nettogeschossfläche auf drei Stockwerken beträgt 163 m2. Die Flächen sind bereits zweckmässig ausgebaut (WC, Heizung/Kühlung, Malerarbeiten, Elektro-Grundverteilung) und können unmittelbar genutzt werden. Bei der Nutzung bestehen kaum Einschränkungen.

Ein Parkplatz pro Einheit kann für CHF 50 / Monat gemietet werden.

Das Nebenkosten-Akonto beträgt CHF 50 / Monat.

Gerne zeigen wir Ihnen dieses spannende und zweckmässige Konzept vor Ort.","3546f658-6f14-11ee-86bd-0a4bde28e6f6","Commercial Space","Gewerbe","ab sofort",,,"163","https://casagateway.ch/media/provider-12797/property-1122617/4a7c51b29468844f4b9d9093d4d17227.jpg?p=lg","https://casagateway.ch/media/provider-12797/property-1122617/face21afad8269b6fe65c9134c9af281.jpg?p=lg","https://casagateway.ch/media/provider-12797/property-1122617/5c2ec30f19c6eb7fced860bf0147544e.jpg?p=lg","https://casagateway.ch/media/provider-12797/property-1122617/07a495411c6fbece7a36b0f33afb5f30.jpg?p=lg","https://casagateway.ch/media/provider-12797/property-1122617/e38fcce2e88201733cab3b33dc3ec918.jpg?p=lg","https://casagateway.ch/media/provider-12797/property-1122617/59abe1ea78cf0bd00e2cbcd31eb79b34.jpg?p=lg","https://casagateway.ch/media/provider-12797/property-1122617/0f1dfe1f0fac2d595a6f5a2dff9d36d4.jpg?p=lg","1750","https://casagateway.ch/media/provider-12797/property-1122617/afdaf27f3e57107c06212b873e832e93.jpg?p=lg","https://casagateway.ch/media/provider-12797/property-1122617/4ddf03d71df5e6039b59dd1432009b86.jpg?p=lg","https://casagateway.ch/media/provider-12797/property-1122617/911f2d3dd21de78666c236d394d6a176.jpg?p=lg",,,,
"47","Albulastrasse","Zürich","8048","Helle ausgebaute und per sofort bezugsbereite Bürofläche","<h3>Zürich</h3>
																								<p>Zur Vermietung steht eine repräsentative, voll ausgebaute und auf Wunsch möblierte&nbsp; Bürofläche an sehr guter Mikrolage in Zürich-Altstetten.</p><p>Die Liegenschaft befindet sich in unmittelbarer Nähe zum Einkaufszentrum Letzipark, diversen Retailern und Restaurants.</p><p>Die Anbindung sowohl mit dem Individualverkehr als auch mit den öffentlichen Verkehrsmitteln ist ebenfalls sehr gut:</p><p>Autobahnanschluss A1 in 3 Fahrminuten<br>Bushaltstelle Linie 78, 83, 89<br>Tramhaltestelle Linie 2</p><p>Die Bürofläche selbst besticht durch folgende Eigenschaften:</p><ul><li>Bestehende Unterteilungen (Einzelbüros, Mehrfachbüros, Open Space)</li><li>Diverse Sitzungsräume</li><li>Teeküche mit Aufenthaltsbereich</li><li>Klimatisierung mit Kühldecke</li><li>Akustikdecke</li><li>Viel Tageslicht&nbsp;</li><li>Empfangsbereich</li><li>Serverraum</li><li>2 WC-Anlagen (mit getrennten Damen- und Herrentoiletten.</li></ul><p>Das Nebenkosten-Akonto beträgt CHF 25 / m2pa.<br>Einstellplätze (CHF 130 / Monat) können bei Bedarf dazu gemietet werden.</p><p>Zusätzlich können Lagerräume im 2. UG von 141 m2 und 194 m2 dazugemietet werden.</p><p>Alle Preise verstehen sich zzgl. MwSt. 8.1%.</p><p>Gerne zeigen wir Ihnen diese spannende Gelegenheit vor Ort.</p>","### Helle ausgebaute und per sofort bezugsbereite Bürofläche

### Zürich

Zur Vermietung steht eine repräsentative, voll ausgebaute und auf Wunsch möblierte  Bürofläche an sehr guter Mikrolage in Zürich-Altstetten.

Die Liegenschaft befindet sich in unmittelbarer Nähe zum Einkaufszentrum Letzipark, diversen Retailern und Restaurants.

Die Anbindung sowohl mit dem Individualverkehr als auch mit den öffentlichen Verkehrsmitteln ist ebenfalls sehr gut:

Autobahnanschluss A1 in 3 Fahrminuten  
Bushaltstelle Linie 78, 83, 89  
Tramhaltestelle Linie 2

Die Bürofläche selbst besticht durch folgende Eigenschaften:

*   Bestehende Unterteilungen (Einzelbüros, Mehrfachbüros, Open Space)
*   Diverse Sitzungsräume
*   Teeküche mit Aufenthaltsbereich
*   Klimatisierung mit Kühldecke
*   Akustikdecke
*   Viel Tageslicht 
*   Empfangsbereich
*   Serverraum
*   2 WC-Anlagen (mit getrennten Damen- und Herrentoiletten.

Das Nebenkosten-Akonto beträgt CHF 25 / m2pa.  
Einstellplätze (CHF 130 / Monat) können bei Bedarf dazu gemietet werden.

Zusätzlich können Lagerräume im 2. UG von 141 m2 und 194 m2 dazugemietet werden.

Alle Preise verstehen sich zzgl. MwSt. 8.1%.

Gerne zeigen wir Ihnen diese spannende Gelegenheit vor Ort.","3f38c69a-fca9-11ee-afda-0a4bde28e6f6","Office Space","Gewerbe","Auf Anfrage","1",,"1066","https://casagateway.ch/media/provider-12797/property-1407774/c3c800c069c0d2ac77dc800ef318210e.png?p=lg","https://casagateway.ch/media/provider-12797/property-1407774/069c9f6c1f7231803a42913c338e8bf5.png?p=lg","https://casagateway.ch/media/provider-12797/property-1407774/0e7aa8a3975eeac860e24ba1a56c4e9d.png?p=lg","https://casagateway.ch/media/provider-12797/property-1407774/2e2992238a60c89d2f01bb7568253025.png?p=lg","https://casagateway.ch/media/provider-12797/property-1407774/995e3abab7e5220eee703fda9c2e3089.png?p=lg","https://casagateway.ch/media/provider-12797/property-1407774/d500f11d35961be050e91b9cbb099f64.png?p=lg","https://casagateway.ch/media/provider-12797/property-1407774/fd9bc5c05b0c52d5edc76cb6c60eae28.jpeg?p=lg","220",,,,,,,
"1","Grabenstrasse","Uster","8606","Halbe Etage mit viel Tageslicht in attraktivem Gebäude!","<p>Unweit des Bahnhofs in Nänikon/Greifensee vermieten wir helle, hochwertige und belüftete Flächen, welche sowohl als Gewerbe- als auch Büroflächen genutzt werden können. Es bestehen teilweise bereits separate Räume und ein zusätzlicher Büroteil mit Vorbereitung für die Installation einer Teeküche. Besonderer Pluspunkt ist die grosszügige Terrasse zur Mitbenutzung.</p><p>Eckdaten:</p><ul><li>Kühldecken</li><li>Open Space wie auch Unterteilungen möglich</li><li>Hochwertiger Eingangsbereich</li><li>Deckenhöhe 3.2 m total</li><li>Lagerflächen bis 34 m2 können dazugemietet werden</li><li>Ausreichend Aussenparkplätze vorhanden</li></ul><p>Alle Beträge verstehen sich zzgl. gesetzlicher MwSt.&nbsp;</p><p>Gerne zeigen wir Ihnen diese spannende Fläche vor Ort.</p>","### Halbe Etage mit viel Tageslicht in attraktivem Gebäude!

Unweit des Bahnhofs in Nänikon/Greifensee vermieten wir helle, hochwertige und belüftete Flächen, welche sowohl als Gewerbe- als auch Büroflächen genutzt werden können. Es bestehen teilweise bereits separate Räume und ein zusätzlicher Büroteil mit Vorbereitung für die Installation einer Teeküche. Besonderer Pluspunkt ist die grosszügige Terrasse zur Mitbenutzung.

Eckdaten:

*   Kühldecken
*   Open Space wie auch Unterteilungen möglich
*   Hochwertiger Eingangsbereich
*   Deckenhöhe 3.2 m total
*   Lagerflächen bis 34 m2 können dazugemietet werden
*   Ausreichend Aussenparkplätze vorhanden

Alle Beträge verstehen sich zzgl. gesetzlicher MwSt. 

Gerne zeigen wir Ihnen diese spannende Fläche vor Ort.","..(6745721)","Office Space","Gewerbe","Auf Anfrage","2",,"350","https://casagateway.ch/media/provider-12797/property-914725/a9bca3ab0d9ebe9ebfce84bd5a4c1138.jpg?p=lg","https://casagateway.ch/media/provider-12797/property-914725/d9a73e4e01c59be70719437f186782ff.jpg?p=lg","https://casagateway.ch/media/provider-12797/property-914725/acdb35edffb49da7044d0abed2597139.jpg?p=lg","https://casagateway.ch/media/provider-12797/property-914725/d9627035e2ae67f5abbf7e35ae0d44eb.jpg?p=lg","https://casagateway.ch/media/provider-12797/property-914725/3c6eca5d61e71878135f8df27ff25765.jpg?p=lg","https://casagateway.ch/media/provider-12797/property-914725/9646bd6ba929a5520bf110e7da086dbc.jpg?p=lg","https://casagateway.ch/media/provider-12797/property-914725/233723d3178340a8e82acf40906632ec.jpg?p=lg","160",,,,,,,
"3","Bahnhofstrasse","Berikon","8965","Büroflächen beim Beri-Märt","<h3>Berikon</h3>
																								<p>Zu vermieten ist eine gut gelegene Bürofläche von 317 m²&nbsp; im 1. Obergeschoss über dem Beri-Märt in Berikon.</p><p>Die Fläche besteht auf einem grossen Openspace- Bereich und zwei abgetrennten Sitzungszimmern, sowie einer Teeküche und eigenen WC's.&nbsp;</p><p>Sowohl ein Personen- als auch Wartenlift ist vorhanden.</p><p>Für Ihre Besucher stehen in der Tiefgarage Parkplätze zur Verfügung.</p><p>Im Beri-Märkt finden Sie einen Coop und ein Restaurant zur Verpflegung, sowie weitere Geschäfte wie Coiffeur, Apotheke und Physiotherapie.</p><p>Gerne zeigen wir Ihnen diese spannende Gelegenheit vor Ort.</p>","### Büroflächen beim Beri-Märt

### Berikon

Zu vermieten ist eine gut gelegene Bürofläche von 317 m²  im 1. Obergeschoss über dem Beri-Märt in Berikon.

Die Fläche besteht auf einem grossen Openspace- Bereich und zwei abgetrennten Sitzungszimmern, sowie einer Teeküche und eigenen WC's. 

Sowohl ein Personen- als auch Wartenlift ist vorhanden.

Für Ihre Besucher stehen in der Tiefgarage Parkplätze zur Verfügung.

Im Beri-Märkt finden Sie einen Coop und ein Restaurant zur Verpflegung, sowie weitere Geschäfte wie Coiffeur, Apotheke und Physiotherapie.

Gerne zeigen wir Ihnen diese spannende Gelegenheit vor Ort.","4ba7e635-af9a-11ee-b1a8-0a4bde28e6f6","Office Space","Gewerbe","ab sofort","1",,"317","https://casagateway.ch/media/provider-12797/property-1356679/77515b274b976dc075f522c6315683e8.png?p=lg","https://casagateway.ch/media/provider-12797/property-1356679/9ed5a883d7197f21e2db52930b5c09e4.jpeg?p=lg","https://casagateway.ch/media/provider-12797/property-1356679/da63d8e3f03f368d5b54e411912f4fd6.jpeg?p=lg","https://casagateway.ch/media/provider-12797/property-1356679/34d74624f40683084cdd9a925d0f06bd.jpeg?p=lg","https://casagateway.ch/media/provider-12797/property-1356679/fa0828d2e192d60ce873882c32d0d2e9.jpeg?p=lg","https://casagateway.ch/media/provider-12797/property-1356679/a4d4ecd59bc45ec242e127ab0a4a4184.jpeg?p=lg",,"220",,,,,,,
"2","Wattwerkstrasse","Bubendorf","4416","Modulare Gewerbeboxen für diverse Nutzungen - GreenPlaces!","<p>GreenPlaces ist ein modernes, modulares und ökologisch nachhaltiges Gewerbeparkkonzept, das lokalen KMU's und auch Start-Up's ermöglicht, Geschäftsflächen zu günstigen Konditionen zu mieten.</p><p>Zur Vermietung stehen einzelne als auch doppelte Einheiten. Auf Anfrage können auch mehrere Einheiten ec bloc gemietet resp. gekauft werden.</p><p>Die Nettogeschossfläche auf drei Stockwerken beträgt 326 m2. Für den Ausbau der Flächen liegen bewährte Konzepte vor (WC, Heizung/Kühlung, Malerarbeiten, Elektro-Grundverteilung). Bei der Nutzung bestehen kaum Einschränkungen.</p><p>Ein Parkplatz pro Einheit kann für CHF 50 / Monat gemietet werden.</p><p>Das NK-Akonto beträgt pro Einheit CHF 100&nbsp;/ Monat.</p><p>Gerne zeigen wir Ihnen dieses spannende und zweckmässige Konzept vor Ort.</p>","### Modulare Gewerbeboxen für diverse Nutzungen - GreenPlaces!

GreenPlaces ist ein modernes, modulares und ökologisch nachhaltiges Gewerbeparkkonzept, das lokalen KMU's und auch Start-Up's ermöglicht, Geschäftsflächen zu günstigen Konditionen zu mieten.

Zur Vermietung stehen einzelne als auch doppelte Einheiten. Auf Anfrage können auch mehrere Einheiten ec bloc gemietet resp. gekauft werden.

Die Nettogeschossfläche auf drei Stockwerken beträgt 326 m2. Für den Ausbau der Flächen liegen bewährte Konzepte vor (WC, Heizung/Kühlung, Malerarbeiten, Elektro-Grundverteilung). Bei der Nutzung bestehen kaum Einschränkungen.

Ein Parkplatz pro Einheit kann für CHF 50 / Monat gemietet werden.

Das NK-Akonto beträgt pro Einheit CHF 100 / Monat.

Gerne zeigen wir Ihnen dieses spannende und zweckmässige Konzept vor Ort.","549b507b-29c6-11ed-842e-005056bdbc06","Commercial Space","Gewerbe","ab sofort",,,"326","https://casagateway.ch/media/provider-12797/property-1123165/5fddedc6700e565825f1f86dfcd49b4c.jpg?p=lg","https://casagateway.ch/media/provider-12797/property-1123165/e95f12d7123cb4c8272670e120a6a904.jpg?p=lg","https://casagateway.ch/media/provider-12797/property-1123165/e3faa56339c546434612296e21c4db53.jpg?p=lg","https://casagateway.ch/media/provider-12797/property-1122617/4a7c51b29468844f4b9d9093d4d17227.jpg?p=lg","https://casagateway.ch/media/provider-12797/property-1122617/face21afad8269b6fe65c9134c9af281.jpg?p=lg","https://casagateway.ch/media/provider-12797/property-1122617/5c2ec30f19c6eb7fced860bf0147544e.jpg?p=lg","https://casagateway.ch/media/provider-12797/property-1122617/07a495411c6fbece7a36b0f33afb5f30.jpg?p=lg","128","https://casagateway.ch/media/provider-12797/property-1122617/e38fcce2e88201733cab3b33dc3ec918.jpg?p=lg","https://casagateway.ch/media/provider-12797/property-1122617/59abe1ea78cf0bd00e2cbcd31eb79b34.jpg?p=lg","https://casagateway.ch/media/provider-12797/property-1122617/0f1dfe1f0fac2d595a6f5a2dff9d36d4.jpg?p=lg","https://casagateway.ch/media/provider-12797/property-1122617/afdaf27f3e57107c06212b873e832e93.jpg?p=lg","https://casagateway.ch/media/provider-12797/property-1122617/4ddf03d71df5e6039b59dd1432009b86.jpg?p=lg","https://casagateway.ch/media/provider-12797/property-1122617/911f2d3dd21de78666c236d394d6a176.jpg?p=lg",
"15","Oberfeld","Root","6037","Teilfläche für Handwerker und Gewerbler - ebenerdig zugänglich!","<p>Perfekt für Handwerker, die eine ebenerdige Gewerbefläche suchen.</p><p>Die Flächen zeichnen sich durch folgende Eigenschaften aus:</p><ul><li>Ebenerdiger Zugang</li><li>Installation Tor möglich</li><li>3 m Deckenhöhe</li><li>Parking direkt vor der Türe</li><li>Zufahrt 2.8 m mit 3.5t</li><li>Anlieferung über Warenlift (2'000 kg Traglast) möglich</li><li>500 kg Bodenlast</li><li>Autobahn in 2 Minuten erreichbar (Buchrain)</li><li>Diverse Lagermöglichkeiten im Untergeschoss</li></ul><p>Das NK-Akonto beträgt CHF 20 m2pa.</p><p>Innen- und Aussenparkplätze vorhanden (CHF 60 resp. CHF 140 pro Monat).</p><p>Alle Beträge verstehen sich zzgl. gesetzl. MwSt.</p><p>Gerne zeigen wir Ihnen diese spannende Möglichkeit vor Ort.</p>","### Teilfläche für Handwerker und Gewerbler - ebenerdig zugänglich!

Perfekt für Handwerker, die eine ebenerdige Gewerbefläche suchen.

Die Flächen zeichnen sich durch folgende Eigenschaften aus:

*   Ebenerdiger Zugang
*   Installation Tor möglich
*   3 m Deckenhöhe
*   Parking direkt vor der Türe
*   Zufahrt 2.8 m mit 3.5t
*   Anlieferung über Warenlift (2'000 kg Traglast) möglich
*   500 kg Bodenlast
*   Autobahn in 2 Minuten erreichbar (Buchrain)
*   Diverse Lagermöglichkeiten im Untergeschoss

Das NK-Akonto beträgt CHF 20 m2pa.

Innen- und Aussenparkplätze vorhanden (CHF 60 resp. CHF 140 pro Monat).

Alle Beträge verstehen sich zzgl. gesetzl. MwSt.

Gerne zeigen wir Ihnen diese spannende Möglichkeit vor Ort.","59b1f116-843f-11ee-b1a8-0a4bde28e6f6","Commercial Space","Gewerbe","ab sofort",,,"450","https://casagateway.ch/media/provider-12797/property-1170147/e3de4e39c7e2b600b55968f5b3a479d7.jpeg?p=lg","https://casagateway.ch/media/provider-12797/property-1170147/1de878c311c971bceb4328cdbd21610b.jpeg?p=lg","https://casagateway.ch/media/provider-12797/property-1170147/6e7f2c89b429a9ed99f4dac770c583da.jpeg?p=lg","https://casagateway.ch/media/provider-12797/property-1102454/f97fb96470f1f9c76621e3bce4a22d2d.jpg?p=lg","https://casagateway.ch/media/provider-12797/property-1102454/c080646abf5d7d28c4bb7a9da5e79020.jpg?p=lg","https://casagateway.ch/media/provider-12797/property-1102454/a8ba613cb034b738875bbefc6cd49d83.jpg?p=lg","https://casagateway.ch/media/provider-12797/property-1102454/e1c93b350810e1235ceaf78c96b9aed1.jpg?p=lg","145",,,,,,,
"80b","Bösch","Hünenberg","6331","Abgeschlossene Büros mit grosszügigen Allgemeinflächen (Küche etc.)","<p>Wir vermieten voll ausgebaute Büroflächen</p><ul><li>Bereits unterteilte Räume mit sehr hellen, lichtdurchfluteten Büros</li><li>Mieterausbau&nbsp;(5 Jahre alt) kann vom Vormieter übernommen werden&nbsp;</li><li>Grosszügiger Empfang, Aufenthaltsbereich, grosse Küche</li><li>Autobahn in 1 min erreichbar</li><li>Buslinien 48 und 51 halten direkt vor der Liegenschaft.</li><li>Einstellplätze à CHF 125 verfügbar</li><li>Das NK-Akonto beträgt CHF 20 m2pa</li><li>Für den Objektstrom wird eine kleine Pauschale von CHF 5 m2pa erhoben.</li></ul><p>Gerne zeigen wir Ihnen die Räumlichkeiten vor Ort und freuen uns auf Ihre Kontaktaufnahme.</p>","### Abgeschlossene Büros mit grosszügigen Allgemeinflächen (Küche etc.)

Wir vermieten voll ausgebaute Büroflächen

*   Bereits unterteilte Räume mit sehr hellen, lichtdurchfluteten Büros
*   Mieterausbau (5 Jahre alt) kann vom Vormieter übernommen werden 
*   Grosszügiger Empfang, Aufenthaltsbereich, grosse Küche
*   Autobahn in 1 min erreichbar
*   Buslinien 48 und 51 halten direkt vor der Liegenschaft.
*   Einstellplätze à CHF 125 verfügbar
*   Das NK-Akonto beträgt CHF 20 m2pa
*   Für den Objektstrom wird eine kleine Pauschale von CHF 5 m2pa erhoben.

Gerne zeigen wir Ihnen die Räumlichkeiten vor Ort und freuen uns auf Ihre Kontaktaufnahme.","..(6690014)","Office Space","Gewerbe","ab sofort","2",,"343","https://casagateway.ch/media/provider-12797/property-1140057/e308bcd25670fb4671eac7ec231eb6c7.jpg?p=lg","https://casagateway.ch/media/provider-12797/property-914726/4a6c142a72a3f91d6fdac6f2373d7588.jpg?p=lg","https://casagateway.ch/media/provider-12797/property-914726/95568de9b15a0f46a1400f185122a337.jpg?p=lg","https://casagateway.ch/media/provider-12797/property-914726/11267cf7248f12dbd28a4079fc665360.jpg?p=lg","https://casagateway.ch/media/provider-12797/property-914726/e813f935873700d2d197e850ff43402f.jpg?p=lg","https://casagateway.ch/media/provider-12797/property-914726/fd9e99962afcaa16521c21a85dc6abd2.jpg?p=lg","https://casagateway.ch/media/provider-12797/property-914726/ce2874e044468f80ad1ff4f7d99044a9.jpg?p=lg","150","https://casagateway.ch/media/provider-12797/property-914726/7a3a036eea3181b61eb5b119223fd05d.jpg?p=lg","https://casagateway.ch/media/provider-12797/property-914726/763e73bba99898651d70437fb00ce075.jpg?p=lg","https://casagateway.ch/media/provider-12797/property-914726/510a17cf5104176c3b804c5e13cf8d17.jpg?p=lg","https://casagateway.ch/media/provider-12797/property-914726/b6b5af1e58d301deadc7322191098948.jpg?p=lg","https://casagateway.ch/media/provider-12797/property-1240251/d2b172fad2c2fefc752dc5d118263c21.jpeg?p=lg",,
"8","Rütihof","Wädenswil","8820","Top moderne Industriehalle (EG) direkt an der Autobahn!","<p>Die top moderne Industriehalle verfügt über diverse Features und ist quasi per sofort verfügbar.</p><p>Die Halle zeichnet sich durch folgende Eigenschaften aus:</p><ul><li>Selten verfügbare Erdgeschossfläche</li><li>Deckenhöhe 4.5 m / 3.9 m</li><li>Bodenlast 1'700 kg/m2</li><li>Wasseranschluss</li><li>Druckluft</li><li>LED-Beleuchtung</li><li>Elektroverteilung 400V</li><li>125 Ampere</li><li>Ausgebauter Büroteil</li><li>Pausenraum</li><li>Exklusiv nutzbare Anlieferung (Scherenhubtisch und Anpassrampe)</li><li>Sehr viel Tageslicht</li><li>Ausreichend Parkplätze</li><li>ÖV-Erschliessung vor dem Areal (Bus)</li></ul><p>Das Nebenkosten-Akonto beträgt CHF 20 m2pa.</p><p>Parkplätze sind grundsätzlich verfügbar.</p><p>Alle Beträge verstehen sich zzgl. MwSt.</p><p>Gerne zeigen wir Ihnen diese einmalige Gelegenheit vor Ort.</p>","### Top moderne Industriehalle (EG) direkt an der Autobahn!

Die top moderne Industriehalle verfügt über diverse Features und ist quasi per sofort verfügbar.

Die Halle zeichnet sich durch folgende Eigenschaften aus:

*   Selten verfügbare Erdgeschossfläche
*   Deckenhöhe 4.5 m / 3.9 m
*   Bodenlast 1'700 kg/m2
*   Wasseranschluss
*   Druckluft
*   LED-Beleuchtung
*   Elektroverteilung 400V
*   125 Ampere
*   Ausgebauter Büroteil
*   Pausenraum
*   Exklusiv nutzbare Anlieferung (Scherenhubtisch und Anpassrampe)
*   Sehr viel Tageslicht
*   Ausreichend Parkplätze
*   ÖV-Erschliessung vor dem Areal (Bus)

Das Nebenkosten-Akonto beträgt CHF 20 m2pa.

Parkplätze sind grundsätzlich verfügbar.

Alle Beträge verstehen sich zzgl. MwSt.

Gerne zeigen wir Ihnen diese einmalige Gelegenheit vor Ort.","5fbde0de-dcaa-11ee-afda-0a4bde28e6f6","Commercial Space","Gewerbe","ab sofort",,,"2400","https://casagateway.ch/media/provider-12797/property-1387307/94635f2587cf07e5a9cf487dcbb8af50.jpeg?p=lg","https://casagateway.ch/media/provider-12797/property-1387307/d83b573cea09397e48265778c5643e2d.jpeg?p=lg","https://casagateway.ch/media/provider-12797/property-1387307/098fc4f6cb51770078bbb1946c63db9a.jpeg?p=lg","https://casagateway.ch/media/provider-12797/property-1387307/a7326bf27cbc1b634953f7b603a69bf6.jpeg?p=lg","https://casagateway.ch/media/provider-12797/property-1387307/9406e2cbe3e11b7058a4c105eb20a899.jpeg?p=lg","https://casagateway.ch/media/provider-12797/property-1387307/11eb790443ed7a425650120c7c4a8930.jpeg?p=lg","https://casagateway.ch/media/provider-12797/property-1387307/cb3f00d0ba11b351bf98a7a64b07bb1f.jpeg?p=lg","160","https://casagateway.ch/media/provider-12797/property-1387307/e0282bc48291dbf981e95e186dba2451.jpeg?p=lg","https://casagateway.ch/media/provider-12797/property-1387307/295de43e2c9c1ac12c88830d7c8d4baa.jpeg?p=lg","https://casagateway.ch/media/provider-12797/property-1387307/cdbc7e261cb2c66cbf2aca2476e2bf7e.jpeg?p=lg","https://casagateway.ch/media/provider-12797/property-1387307/548a6c432afe29edb3f92b2162e6641a.jpeg?p=lg","https://casagateway.ch/media/provider-12797/property-1387307/63742de51b9bcca7739a0de17c5e3560.jpeg?p=lg","https://casagateway.ch/media/provider-12797/property-1387307/6ea98cc5a6989316639982ae372405d2.jpeg?p=lg",
"14","Sternenfeldstrasse","Birsfelden","4127","Eine der letzten Flächen im Haus - hoch über Basel!","<p>Die heute rohe Fläche kann komplett neu konzipiert werden und auf die Mieterbedürfnisse individuell angepasst werden. Das Mietobjekt verfügt über überdurchschnittlich viel Tageslicht und einer aussergewöhnlichen Aussicht.</p><p>Die Mietfläche befindet sich im obersten Stockwerk (6). Auf der dritten Etage steht eine Innenterrasse zur Mitbenutzung zur Verfügung.</p><p>Das Nebenkostenakonto beträgt CHF 20 m2pa.</p><p>Parkplätze sind in der Tiefgarage zu CHF 105 / Monat verfügbar.</p><p>Alle Preisangaben zzgl. gesetzlicher MwSt.&nbsp;</p><p>Gerne zeigen wir Ihnen diese spannende Gelegenheit vor Ort.</p>","### Eine der letzten Flächen im Haus - hoch über Basel!

Die heute rohe Fläche kann komplett neu konzipiert werden und auf die Mieterbedürfnisse individuell angepasst werden. Das Mietobjekt verfügt über überdurchschnittlich viel Tageslicht und einer aussergewöhnlichen Aussicht.

Die Mietfläche befindet sich im obersten Stockwerk (6). Auf der dritten Etage steht eine Innenterrasse zur Mitbenutzung zur Verfügung.

Das Nebenkostenakonto beträgt CHF 20 m2pa.

Parkplätze sind in der Tiefgarage zu CHF 105 / Monat verfügbar.

Alle Preisangaben zzgl. gesetzlicher MwSt. 

Gerne zeigen wir Ihnen diese spannende Gelegenheit vor Ort.","..(6368924)","Office Space","Gewerbe","ab sofort","6",,"435","https://casagateway.ch/media/provider-12797/property-1282760/01845e50de0efd3d9d8ff7b5706f711d.jpeg?p=lg","https://casagateway.ch/media/provider-12797/property-1232812/c9e96c69a10520cc5420c9e8e4d7910e.jpeg?p=lg","https://casagateway.ch/media/provider-12797/property-1232812/6acf4f3dfa6af399932e63d4b15de47f.jpeg?p=lg","https://casagateway.ch/media/provider-12797/property-1378158/dfbfa29298aa9ce9f8dd358c3aadc2b8.jpeg?p=lg","https://casagateway.ch/media/provider-12797/property-1232812/7fad4e01ec87359f888b00355e054a9b.jpeg?p=lg","https://casagateway.ch/media/provider-12797/property-1232812/e8058072d59cb19b37d6f6c97a17e03c.jpeg?p=lg","https://casagateway.ch/media/provider-12797/property-1232812/2e3edb468359794fc240f7e05973c76f.jpeg?p=lg","115","https://casagateway.ch/media/provider-12797/property-1232812/1f129219391e14920276d4b471ba6bf6.jpeg?p=lg","https://casagateway.ch/media/provider-12797/property-1232812/c7fb57569621ec082c2a90e566284eca.jpeg?p=lg","https://casagateway.ch/media/provider-12797/property-1232812/6382bba6ece81f15f7f572acdc218637.jpeg?p=lg","https://casagateway.ch/media/provider-12797/property-1232812/0e83c8aa65e138a5478bf424dec374f4.jpeg?p=lg","https://casagateway.ch/media/provider-12797/property-1232812/c605289937b248cf9e6858e71944ddee.jpeg?p=lg","https://casagateway.ch/media/provider-12797/property-1232812/fb0f487f7e8defffe1d9b50cbe830a29.jpeg?p=lg",
"91","Eggstrasse","Rüschlikon","8803","Bezugsbereite top ausgebaute und bei Interesse auch möblierte Bürofläche an guter Lage","<p>Direkt an der Autobahnausfahrt Rüschlikon vermieten wir eine repräsentative, modern ausgebaute und möblierte Bürofläche von 600 m2 auf einer Etage.</p><p>Eckdaten:</p><ul><li>Repräsentativer und hochwertiger Innenausbau</li><li>Offener, flexibler Grundriss mit diversen Einzel- und Grossraumbüros sowie Sitzungszimmern</li><li>Lichtdurchflutete Räume</li><li>Grosszügiger Aufenthaltsraum mit voll ausgebauter Küche und genügend Sitzgelegenheiten</li><li>Eigene Toilettenanlagen mit zusätzlicher Dusche innerhalb der Mietfläche</li><li>Kühlung/ Lüftung</li><li>Bestehende, erstklassige Büroeinrichtung kann auf Wunsch gekauft oder gemietet werden</li><li>ca. 20 Parkplätze à CHF 130/ Mt. in der Tiefgarage vorhanden</li></ul><p>Das Nebenkostenakonto beträgt ca. 40m2pa.</p><p>Alle Preise zzgl. gesetzlicher MwSt.&nbsp;</p><p>Die Autobahnausfahrt und Bushaltestelle (S-Bahn, Bahnhof Rüschlikon oder Bahnhof Thalwil, Zürich) befinden sich direkt vor der Liegenschaft&nbsp;</p><p>Gerne zeigen wir Ihnen diese spannenden Räumlichkeiten vor Ort.</p>","### Bezugsbereite top ausgebaute und bei Interesse auch möblierte Bürofläche an guter Lage

Direkt an der Autobahnausfahrt Rüschlikon vermieten wir eine repräsentative, modern ausgebaute und möblierte Bürofläche von 600 m2 auf einer Etage.

Eckdaten:

*   Repräsentativer und hochwertiger Innenausbau
*   Offener, flexibler Grundriss mit diversen Einzel- und Grossraumbüros sowie Sitzungszimmern
*   Lichtdurchflutete Räume
*   Grosszügiger Aufenthaltsraum mit voll ausgebauter Küche und genügend Sitzgelegenheiten
*   Eigene Toilettenanlagen mit zusätzlicher Dusche innerhalb der Mietfläche
*   Kühlung/ Lüftung
*   Bestehende, erstklassige Büroeinrichtung kann auf Wunsch gekauft oder gemietet werden
*   ca. 20 Parkplätze à CHF 130/ Mt. in der Tiefgarage vorhanden

Das Nebenkostenakonto beträgt ca. 40m2pa.

Alle Preise zzgl. gesetzlicher MwSt. 

Die Autobahnausfahrt und Bushaltestelle (S-Bahn, Bahnhof Rüschlikon oder Bahnhof Thalwil, Zürich) befinden sich direkt vor der Liegenschaft 

Gerne zeigen wir Ihnen diese spannenden Räumlichkeiten vor Ort.","62fae7a3-b545-11ee-b1a8-0a4bde28e6f6","Office Space","Gewerbe","ab sofort","3",,"600","https://casagateway.ch/media/provider-12797/property-1191576/5c5e97baffcf791a2b8dd7f6d0ebb9d9.jpeg?p=lg","https://casagateway.ch/media/provider-12797/property-1191576/b41e7cbab8726fe93dcd9a8b8ecd7b73.jpeg?p=lg","https://casagateway.ch/media/provider-12797/property-1191707/2e6cd7b0f62d8e14e105bdc7690ca658.jpeg?p=lg","https://casagateway.ch/media/provider-12797/property-1191576/3bb4f6f3ebb953ff62968154e4b34d1b.jpeg?p=lg","https://casagateway.ch/media/provider-12797/property-1191576/869b897f53015964374f7123b3973b92.jpeg?p=lg","https://casagateway.ch/media/provider-12797/property-1191576/3395e05fce8e2ab0f0f7b579bb4783a4.jpeg?p=lg","https://casagateway.ch/media/provider-12797/property-1191576/630b3b5cf70e54dc6356a4dfad4b950f.jpeg?p=lg","220","https://casagateway.ch/media/provider-12797/property-1191576/bc54c6cc2a4785fe1247a3d9968452f0.jpeg?p=lg","https://casagateway.ch/media/provider-12797/property-1191576/fffb49864c9078eb2be4ce3fef4f7ea0.jpeg?p=lg","https://casagateway.ch/media/provider-12797/property-1191576/d5a0203120d676d6a5d60a807f1ff3f1.jpeg?p=lg","https://casagateway.ch/media/provider-12797/property-1191576/ad1f840ed747559a902cf42cba93661b.jpeg?p=lg","https://casagateway.ch/media/provider-12797/property-1191576/6b714377c9bfcfc4fe4e0228a89a5ec0.jpeg?p=lg","https://casagateway.ch/media/provider-12797/property-1191576/9205b52567e18b6d9d2c27bfff642e60.jpeg?p=lg","https://casagateway.ch/media/provider-12797/property-1191576/1d00e05619628eeaaf32ef9a31f64ec6.jpeg?p=lg"
"40","Bahnhofstrasse","Aarburg","4663","200 m2 Bürofläche mit Aussicht direkt am Bahnhof Aarburg!","<p>Zur Vermietung stehen in einer repräsentativen Liegenschaft direkt beim Bahnhof Aarburg gesamthaft ca. 664 m2 Büroflächen, welche in 200 m2 resp. 450 m2 unterteilt werden können. Nahversorgung (Avec, Bäcker, Restaurant, Coiffeur, VOI etc.) ist im unmittelbaren Umfeld aufzufinden.</p><p>In der äusserst hellen Fläche im 2. Obergeschoss sind bereits folgende Ausbauten vorbereitet:</p><ul><li>WC-Anlagen</li><li>Teeküche</li><li>Lüftung/Kühlung</li><li>Doppelboden</li><li>Elektrounterverteilkasten</li></ul><p>Bei langfristiger Mietdauer kann auf Anfrage ein Vollausbau mit der Eigentümerin realisiert und über die Laufzeit amortisiert werden.&nbsp;</p><p>Aussenparkplätze stehen à CHF 100 / Monat zur Verfügung.</p><p>Das Nebenkosten-Akonto beträgt CHF 30 m2pa.</p><p>Gerne zeigen wir Ihnen diese spannende Bürofläche vor Ort.</p>","### 200 m2 Bürofläche mit Aussicht direkt am Bahnhof Aarburg!

Zur Vermietung stehen in einer repräsentativen Liegenschaft direkt beim Bahnhof Aarburg gesamthaft ca. 664 m2 Büroflächen, welche in 200 m2 resp. 450 m2 unterteilt werden können. Nahversorgung (Avec, Bäcker, Restaurant, Coiffeur, VOI etc.) ist im unmittelbaren Umfeld aufzufinden.

In der äusserst hellen Fläche im 2. Obergeschoss sind bereits folgende Ausbauten vorbereitet:

*   WC-Anlagen
*   Teeküche
*   Lüftung/Kühlung
*   Doppelboden
*   Elektrounterverteilkasten

Bei langfristiger Mietdauer kann auf Anfrage ein Vollausbau mit der Eigentümerin realisiert und über die Laufzeit amortisiert werden. 

Aussenparkplätze stehen à CHF 100 / Monat zur Verfügung.

Das Nebenkosten-Akonto beträgt CHF 30 m2pa.

Gerne zeigen wir Ihnen diese spannende Bürofläche vor Ort.","686c0ba0-d6ee-11ee-afda-0a4bde28e6f6","Office Space","Gewerbe","ab sofort","2",,"200","https://casagateway.ch/media/provider-12797/property-1369896/36e9171235c6ec69d17d2e4be3bcbe47.jpeg?p=lg","https://casagateway.ch/media/provider-12797/property-1369896/9135592996e88193e7416597d9e22641.jpeg?p=lg","https://casagateway.ch/media/provider-12797/property-1369896/41c19e6f931eadb047827ad9b58f4ead.jpeg?p=lg","https://casagateway.ch/media/provider-12797/property-1369896/8e7f2633b17df5c5481e9d168269818b.jpeg?p=lg","https://casagateway.ch/media/provider-12797/property-1369896/d88638cada89da680afb12bddf5c136f.jpeg?p=lg","https://casagateway.ch/media/provider-12797/property-1369896/3a0f20427107debe1989866ddb6a7f5f.jpeg?p=lg",,"200",,,,,,,
"30","Förrlibuckstrasse","Zürich","8005","Voll ausgebaute Büro- oder Gewerbefläche in Zürich -West","<h3>Zürich</h3>
																								<p>An sehr guter Mikrolage Mitten im Kreis 5 in Zürich-West vermieten wir per sofort eine helle, voll ausgebaute und sehr grosszügige Bürofläche.</p><p>Die Liegenschaft befindet sich in unmittelbarer zu diversen Retailern und Restaurants.</p><p>Die Anbindung sowohl mit dem Individualverkehr als auch mit den öffentlichen Verkehrsmitteln ist ebenfalls sehr gut:</p><p>Autobahnanschluss A1 in 2 Fahrminuten<br>Tramhaltestelle Linien 4, 6, 8, 17</p><p>Die Bürofläche selbst besticht durch folgende Eigenschaften:</p><p>Bestehende Unterteilungen (Einzelbüro und&nbsp; Open Space)<br>Kühlung durch Kältemaschinen<br>Viel Tageslicht&nbsp;<br>Empfangsbereich<br>2 WC-Anlagen&nbsp;<br>Parkplätze in der Einstellhalle können bei Bedarf dazu gemietet werden.</p><p>Das Nebenkosten-Akonto beträgt ca. CHF 30 / m2pa.</p><p>Alle Preise verstehen sich zzgl. MwSt. 8.1%.</p><p>Gerne zeigen wir Ihnen diese repräsentative Bürofläche in einer ansprechenden Liegenschaft.</p>","### Voll ausgebaute Büro- oder Gewerbefläche in Zürich -West

### Zürich

An sehr guter Mikrolage Mitten im Kreis 5 in Zürich-West vermieten wir per sofort eine helle, voll ausgebaute und sehr grosszügige Bürofläche.

Die Liegenschaft befindet sich in unmittelbarer zu diversen Retailern und Restaurants.

Die Anbindung sowohl mit dem Individualverkehr als auch mit den öffentlichen Verkehrsmitteln ist ebenfalls sehr gut:

Autobahnanschluss A1 in 2 Fahrminuten  
Tramhaltestelle Linien 4, 6, 8, 17

Die Bürofläche selbst besticht durch folgende Eigenschaften:

Bestehende Unterteilungen (Einzelbüro und  Open Space)  
Kühlung durch Kältemaschinen  
Viel Tageslicht   
Empfangsbereich  
2 WC-Anlagen   
Parkplätze in der Einstellhalle können bei Bedarf dazu gemietet werden.

Das Nebenkosten-Akonto beträgt ca. CHF 30 / m2pa.

Alle Preise verstehen sich zzgl. MwSt. 8.1%.

Gerne zeigen wir Ihnen diese repräsentative Bürofläche in einer ansprechenden Liegenschaft.","690697eb-fcb1-11ee-afda-0a4bde28e6f6","Office Space","Gewerbe","Auf Anfrage","2",,"515","https://casagateway.ch/media/provider-12797/property-1407804/e986595d99263e3fd89d2624b194faf6.png?p=lg","https://casagateway.ch/media/provider-12797/property-1407804/e47a4fe39f24e4b2c693685425c75e66.png?p=lg","https://casagateway.ch/media/provider-12797/property-1407804/02a3308396784a6c6f07865b410c8eea.png?p=lg",,,,,"290",,,,,,,
"104","Zürcherstrasse","Altendorf","8852","Büro- oder Gewerbefläche an guter Lage in Altendorf","<p>Die auf dem 4. Obergeschoss befindliche Büro- oder Gewerbefläche (im Rohbau) präsentiert sich lichtdurchflutet und mit grossem Potenzial. Die Mietfläche zeichnet sich vor allem durch folgende Eigenschaften aus:</p><ul><li>Ausbau kann individuell gestaltet werden</li><li>Parkplätze in Tiefgarage vorhanden</li><li>Diverse Verpflegungsmöglichkeiten in unmittelbarer Umgebung (Seedammcenter)</li><li>Gute Verkehrsanbindung (Bushaltestelle vor dem Gebäude,&nbsp;Autobahnanschluss in 1 Minuten erreichbar)</li></ul><p>Das Nebenkostenakonto beträgt CHF 25 m2pa.</p><p>Tiefgaragenstellplätze CHF 120/Monat.</p><p>Alle Beträge verstehen sich zzgl. gesetzlicher MwSt. .</p><p>Gerne zeigen wir Ihnen diese spannende Möglichkeit vor Ort.</p><p>(das Foto ist ein Musterbeispiel, abgebildet in der Fläche)</p>","### Büro- oder Gewerbefläche an guter Lage in Altendorf

Die auf dem 4. Obergeschoss befindliche Büro- oder Gewerbefläche (im Rohbau) präsentiert sich lichtdurchflutet und mit grossem Potenzial. Die Mietfläche zeichnet sich vor allem durch folgende Eigenschaften aus:

*   Ausbau kann individuell gestaltet werden
*   Parkplätze in Tiefgarage vorhanden
*   Diverse Verpflegungsmöglichkeiten in unmittelbarer Umgebung (Seedammcenter)
*   Gute Verkehrsanbindung (Bushaltestelle vor dem Gebäude, Autobahnanschluss in 1 Minuten erreichbar)

Das Nebenkostenakonto beträgt CHF 25 m2pa.

Tiefgaragenstellplätze CHF 120/Monat.

Alle Beträge verstehen sich zzgl. gesetzlicher MwSt. .

Gerne zeigen wir Ihnen diese spannende Möglichkeit vor Ort.

(das Foto ist ein Musterbeispiel, abgebildet in der Fläche)","6f25357b-d2d9-11ed-a8f0-005056bdbc06","Office Space","Gewerbe","ab sofort","4",,"344","https://casagateway.ch/media/provider-12797/property-1228819/493f6c611a657988f2fc12870385f9a3.jpeg?p=lg","https://casagateway.ch/media/provider-12797/property-1228819/1e2290f001b0c81c7689ae1b2f4b904b.jpeg?p=lg","https://casagateway.ch/media/provider-12797/property-1228819/6f6748c5b1128e155216dce3e6ec687a.jpeg?p=lg",,,,,"145",,,,,,,
"9","Im Grund","Gretzenbach","5014","Gewerbefläche für diverse Nutzungen - Grundausbau vorhanden!","<p>Die verfügbare Gewerbefläche kann für diverse Nutzungen ausgebaut werden. Folgende Grundinstallationen sind bereits vorhanden:</p><p>- Elektroverteilung inkl. 380V.</p><p>- Wasseranschluss</p><p>- Grundbeleuchtung</p><p>Die Bodenlast beträgt 500 kg/m2 - Warenlift vorhanden.</p><p>Alle Beträge verstehen sich zzgl. gesetzlicher MwSt.</p><p>Das NK-Akonto beträgt CHF 13 m2pa.</p><p>Gerne zeigen wir Ihnen die spannende Gewerbefläche vor Ort.</p>","### Gewerbefläche für diverse Nutzungen - Grundausbau vorhanden!

Die verfügbare Gewerbefläche kann für diverse Nutzungen ausgebaut werden. Folgende Grundinstallationen sind bereits vorhanden:

\- Elektroverteilung inkl. 380V.

\- Wasseranschluss

\- Grundbeleuchtung

Die Bodenlast beträgt 500 kg/m2 - Warenlift vorhanden.

Alle Beträge verstehen sich zzgl. gesetzlicher MwSt.

Das NK-Akonto beträgt CHF 13 m2pa.

Gerne zeigen wir Ihnen die spannende Gewerbefläche vor Ort.","..(6596254)","Commercial Space","Gewerbe","ab sofort","1",,"278","https://casagateway.ch/media/provider-12797/property-914755/0fb75edf9137e3111f213b9f2c1ff781.jpg?p=lg","https://casagateway.ch/media/provider-12797/property-914755/fab3be28a69b6b002d5e101487f769fb.jpg?p=lg","https://casagateway.ch/media/provider-12797/property-914755/a95d35490925ec10530cc9b25b4cd2a7.jpg?p=lg","https://casagateway.ch/media/provider-12797/property-914755/8e4a50a7b6a59cbb971c9a6312dcbfed.jpg?p=lg","https://casagateway.ch/media/provider-12797/property-914755/4e6762a62509862f4be0e5883f799112.jpg?p=lg",,,"120",,,,,,,
"15","Oberfeld","Root","6037","Büroflächen in attraktivem Umfeld unweit Bahnhof Root-D4!","<p>Spannende Büroflächen an attraktiver Lage.&nbsp;</p><p>Die noch im Rohbau befindlichen Büroflächen können individuell gestaltet werden und zeichnen sich durch folgende Eigenschaften aus:</p><ul><li>3 m Deckenhöhe</li><li>Diverse Verpflegungsmöglichkeiten in unmittelbarer Umgebung</li><li>Sportangebote in nächster Umgebung</li><li>Öffentliche Verkehrsmittel durch D4 Business Center gegeben</li><li>Autobahn in 2 Minuten erreichbar (Buchrain), dadurch Zürich, Basel, Bern gleichermassen gut erreichbar</li><li>Zudem können Lüftungs- und Kühlleistung bezogen werden (Anschlüsse pro Etage, teilweise bis Mietgrenze vorhanden)</li><li>Diverse Lagermöglichkeiten im Untergeschoss</li></ul><p>Das NK-Akonto beträgt CHF 25 m2pa.</p><p>Innen- und Aussenparkplätze vorhanden (CHF 60 resp. CHF 140 pro Monat).</p><p>Alle Beträge verstehen sich zzgl. gesetzlicher MwSt.</p><p>Gerne zeigen wir Ihnen diese spannende Möglichkeit vor Ort.</p>","### Büroflächen in attraktivem Umfeld unweit Bahnhof Root-D4!

Spannende Büroflächen an attraktiver Lage. 

Die noch im Rohbau befindlichen Büroflächen können individuell gestaltet werden und zeichnen sich durch folgende Eigenschaften aus:

*   3 m Deckenhöhe
*   Diverse Verpflegungsmöglichkeiten in unmittelbarer Umgebung
*   Sportangebote in nächster Umgebung
*   Öffentliche Verkehrsmittel durch D4 Business Center gegeben
*   Autobahn in 2 Minuten erreichbar (Buchrain), dadurch Zürich, Basel, Bern gleichermassen gut erreichbar
*   Zudem können Lüftungs- und Kühlleistung bezogen werden (Anschlüsse pro Etage, teilweise bis Mietgrenze vorhanden)
*   Diverse Lagermöglichkeiten im Untergeschoss

Das NK-Akonto beträgt CHF 25 m2pa.

Innen- und Aussenparkplätze vorhanden (CHF 60 resp. CHF 140 pro Monat).

Alle Beträge verstehen sich zzgl. gesetzlicher MwSt.

Gerne zeigen wir Ihnen diese spannende Möglichkeit vor Ort.","70ceb15f-d8fe-11ed-a8f0-005056bdbc06","Office Space","Gewerbe","ab sofort","2",,"731","https://casagateway.ch/media/provider-12797/property-1102590/4d66a9c336f3748c6e71c3b5eb6b7a76.jpg?p=lg","https://casagateway.ch/media/provider-12797/property-1102590/436f41aea680ee31ac8860381a6d1e3c.jpg?p=lg","https://casagateway.ch/media/provider-12797/property-1102590/a187c1c413b3366f4388711105e38116.jpg?p=lg","https://casagateway.ch/media/provider-12797/property-1102454/e1c93b350810e1235ceaf78c96b9aed1.jpg?p=lg","https://casagateway.ch/media/provider-12797/property-1102590/6c592a5d22b773dafc72c0bb98e53323.jpg?p=lg","https://casagateway.ch/media/provider-12797/property-1102454/a8ba613cb034b738875bbefc6cd49d83.jpg?p=lg",,"150",,,,,,,
"80b","Bösch","Hünenberg","6331","Drei bis vier Arbeitsplätze plus Sitzungszimmer, Küche (Mitbenutzung) etc.","<p>Wir vermieten voll ausgebaute Büroflächen</p><ul><li>Bereits unterteilte Räume mit sehr hellen, lichtdurchfluteten Büros</li><li>Mieterausbau (5 Jahre alt)</li><li>Grosszügiger Empfang, Aufenthaltsbereich, grosse Küche</li><li>Autobahn in 1 min erreichbar</li><li>Buslinien 48 und 51 halten direkt vor der Liegenschaft.</li><li>Einstellplätze à CHF 125 verfügbar&nbsp;</li><li>Das NK-Akonto beträgt CHF 20 m2pa</li><li>Für den Objektstrom wird eine kleine Pauschale von CHF 5 m2pa erhoben.</li></ul><p>Gerne zeigen wir Ihnen die Räumlichkeiten vor Ort und freuen uns auf Ihre Kontaktaufnahme.</p>","### Drei bis vier Arbeitsplätze plus Sitzungszimmer, Küche (Mitbenutzung) etc.

Wir vermieten voll ausgebaute Büroflächen

*   Bereits unterteilte Räume mit sehr hellen, lichtdurchfluteten Büros
*   Mieterausbau (5 Jahre alt)
*   Grosszügiger Empfang, Aufenthaltsbereich, grosse Küche
*   Autobahn in 1 min erreichbar
*   Buslinien 48 und 51 halten direkt vor der Liegenschaft.
*   Einstellplätze à CHF 125 verfügbar 
*   Das NK-Akonto beträgt CHF 20 m2pa
*   Für den Objektstrom wird eine kleine Pauschale von CHF 5 m2pa erhoben.

Gerne zeigen wir Ihnen die Räumlichkeiten vor Ort und freuen uns auf Ihre Kontaktaufnahme.","..(6690014)","Office Space","Gewerbe","ab sofort","2",,"90","https://casagateway.ch/media/provider-12797/property-914726/11267cf7248f12dbd28a4079fc665360.jpg?p=lg","https://casagateway.ch/media/provider-12797/property-914726/e813f935873700d2d197e850ff43402f.jpg?p=lg","https://casagateway.ch/media/provider-12797/property-914726/95568de9b15a0f46a1400f185122a337.jpg?p=lg","https://casagateway.ch/media/provider-12797/property-914726/fd9e99962afcaa16521c21a85dc6abd2.jpg?p=lg","https://casagateway.ch/media/provider-12797/property-914726/ce2874e044468f80ad1ff4f7d99044a9.jpg?p=lg","https://casagateway.ch/media/provider-12797/property-914726/b6b5af1e58d301deadc7322191098948.jpg?p=lg","https://casagateway.ch/media/provider-12797/property-914726/763e73bba99898651d70437fb00ce075.jpg?p=lg","150","https://casagateway.ch/media/provider-12797/property-914726/7a3a036eea3181b61eb5b119223fd05d.jpg?p=lg","https://casagateway.ch/media/provider-12797/property-1140057/e308bcd25670fb4671eac7ec231eb6c7.jpg?p=lg","https://casagateway.ch/media/provider-12797/property-1240251/d2b172fad2c2fefc752dc5d118263c21.jpeg?p=lg",,,,
"18a","Bafflesstrasse","Altstätten","9450","Erstbezug - neue hochwertige Bürofläche","<h3>Altstätten</h3>
																								<p>Wir vermieten per sofort zwei neue, hochwertig ausgebaute Bürofläche von 172 m2 im 2. OG und im 3. OG. Die Flächen bestehen aus einem grossen Open Space Bereich mit einer Küche und getrennten WC's für Damen und Herren.&nbsp;</p><p>Aussenparkplätze (CHF 40/ Mt.) und Tiefgaragenparkplätze (CHF 120/ Mt.) können dazugemietet werden.</p><p>Der Nettomietzins beträgt CHF 170 m2pa.&nbsp;</p><p>Alle Beträge verstehen sich zzgl. gesetzlicher MwSt.</p><p>Gerne zeigen wir Ihnen diese vielfältig nutzbare Bürofläche vor Ort.</p>","### Erstbezug - neue hochwertige Bürofläche

### Altstätten

Wir vermieten per sofort zwei neue, hochwertig ausgebaute Bürofläche von 172 m2 im 2. OG und im 3. OG. Die Flächen bestehen aus einem grossen Open Space Bereich mit einer Küche und getrennten WC's für Damen und Herren. 

Aussenparkplätze (CHF 40/ Mt.) und Tiefgaragenparkplätze (CHF 120/ Mt.) können dazugemietet werden.

Der Nettomietzins beträgt CHF 170 m2pa. 

Alle Beträge verstehen sich zzgl. gesetzlicher MwSt.

Gerne zeigen wir Ihnen diese vielfältig nutzbare Bürofläche vor Ort.","847d704d-588c-11ee-b2b2-0a4bde28e6f6","Office Space","Gewerbe","ab sofort",,,"172","https://casagateway.ch/media/provider-12797/property-1306883/32fefe5deb05ab7d75ab405b8d393126.png?p=lg","https://casagateway.ch/media/provider-12797/property-1306883/004c31d840572544b1eb0373d0ff01ee.png?p=lg","https://casagateway.ch/media/provider-12797/property-1306883/407e7b242de3d234805840ce7135eb1b.png?p=lg","https://casagateway.ch/media/provider-12797/property-1306883/2dde2aeeba828c49f2864227d7052801.png?p=lg","https://casagateway.ch/media/provider-12797/property-1306883/f09a482840c2ea287a8bded0b913f82a.jpeg?p=lg","https://casagateway.ch/media/provider-12797/property-1306883/446b3a9b558506cfe103db8241323317.jpeg?p=lg","https://casagateway.ch/media/provider-12797/property-1306883/4554e8f61d144430d1561d51cab0ab4d.jpeg?p=lg","170",,,,,,,
"6","Erlenweg","Steinhausen","6312","Attraktive Bürofläche im Attikageschoss mit Terrasse!","<p>Das attraktive Eckbüro befindet sich im Attikageschoss (3.OG) und könnte aufgrund der grossflächigen Fenster kaum heller sein. Es wurde zuletzt mit eigenen WC's ausgebaut und die Anschlüsse für eine kleine Teeküche wurden bei dieser Gelegenheit ebenfalls installiert. Zudem hat die Mieterin einen direkten Zugang zur Terrasse.</p><p>Parkplätze sind verfügbar. Ausserdem ist das Quartier mit der Buslinie 7 erschlossen, wodurch der Bahnhof Steinhausen Rigiblick innert einer Haltestelle (Steinhausen Turmstrasse) erreichbar ist.</p><p>Die Nebenkosten betragen CHF 25 m2pa.</p><p>Aussenparkplätze sind zu CHF 80/Monat und Tiefgaragenplätze zu CHF 120/Monat verfügbar.</p><p>Alle Beträge verstehen sich zzgl. gesetzlicher MwSt.&nbsp;</p><p>Gerne zeigen wir Ihnen diese attraktive Bürofläche vor Ort.</p>","### Attraktive Bürofläche im Attikageschoss mit Terrasse!

Das attraktive Eckbüro befindet sich im Attikageschoss (3.OG) und könnte aufgrund der grossflächigen Fenster kaum heller sein. Es wurde zuletzt mit eigenen WC's ausgebaut und die Anschlüsse für eine kleine Teeküche wurden bei dieser Gelegenheit ebenfalls installiert. Zudem hat die Mieterin einen direkten Zugang zur Terrasse.

Parkplätze sind verfügbar. Ausserdem ist das Quartier mit der Buslinie 7 erschlossen, wodurch der Bahnhof Steinhausen Rigiblick innert einer Haltestelle (Steinhausen Turmstrasse) erreichbar ist.

Die Nebenkosten betragen CHF 25 m2pa.

Aussenparkplätze sind zu CHF 80/Monat und Tiefgaragenplätze zu CHF 120/Monat verfügbar.

Alle Beträge verstehen sich zzgl. gesetzlicher MwSt. 

Gerne zeigen wir Ihnen diese attraktive Bürofläche vor Ort.","861db712-b546-11ee-b1a8-0a4bde28e6f6","Office Space","Gewerbe","ab sofort","3",,"216","https://casagateway.ch/media/provider-12797/property-1145523/8c03f122943ba5ad97e399ee85252613.jpeg?p=lg","https://casagateway.ch/media/provider-12797/property-1145523/f16ce513226b07c52bad1ab21ef283a4.jpg?p=lg","https://casagateway.ch/media/provider-12797/property-1145523/88114a700c43bb5aa036c390c4682a7c.jpg?p=lg","https://casagateway.ch/media/provider-12797/property-1145523/c2a10cfc37d1cb5a43c2963d2cb73d26.jpg?p=lg","https://casagateway.ch/media/provider-12797/property-1145523/1a02580fbb8f4731b97d0a4e5475aeb8.jpg?p=lg","https://casagateway.ch/media/provider-12797/property-1145523/eea641c5f84b1e4383d2ae123ebfab74.jpeg?p=lg","https://casagateway.ch/media/provider-12797/property-1145523/382a8a6df4e0ac7ddccb0899ce40066a.jpeg?p=lg","230","https://casagateway.ch/media/provider-12797/property-1145523/a90399904d419f0699fecd9e48256fc6.jpeg?p=lg","https://casagateway.ch/media/provider-12797/property-1145523/df3d36ad32156b986998e6bdbf4d476c.jpg?p=lg","https://casagateway.ch/media/provider-12797/property-1145523/ae81a68e49d1071a6f40d9feef9375c1.jpg?p=lg","https://casagateway.ch/media/provider-12797/property-1145523/b4658e4cee79a586271daea3fbd8a346.jpg?p=lg",,,
"40","Bahnhofstrasse","Aarburg","4663","Büroflächen mit Aussicht direkt am Bahnhof Aarburg!","<p>Zur Vermietung stehen in einer repräsentativen Liegenschaft direkt beim Bahnhof Aarburg ca. 664 m2 Büroflächen. Nahversorgung (Avec, Bäcker, Restaurant, Coiffeur, VOI etc.) ist im unmittelbaren Umfeld aufzufinden.</p><p>In der äusserst hellen Fläche im 2. Obergeschoss sind bereits folgende Ausbauten vorbereitet:</p><ul><li>Eigene WC-Anlagen</li><li>Teeküche</li><li>Lüftung/Kühlung</li><li>Doppelboden</li><li>Elektrounterverteilkasten</li></ul><p>Bei langfristiger Mietdauer kann auf Anfrage ein Vollausbau mit der Eigentümerin realisiert und über die Laufzeit amortisiert werden.&nbsp;</p><p>Aussenparkplätze stehen à CHF 100 / Monat zur Verfügung.</p><p>Das Nebenkosten-Akonto beträgt CHF 30 m2pa.</p><p>Gerne zeigen wir Ihnen diese spannende Bürofläche vor Ort.</p>","### Büroflächen mit Aussicht direkt am Bahnhof Aarburg!

Zur Vermietung stehen in einer repräsentativen Liegenschaft direkt beim Bahnhof Aarburg ca. 664 m2 Büroflächen. Nahversorgung (Avec, Bäcker, Restaurant, Coiffeur, VOI etc.) ist im unmittelbaren Umfeld aufzufinden.

In der äusserst hellen Fläche im 2. Obergeschoss sind bereits folgende Ausbauten vorbereitet:

*   Eigene WC-Anlagen
*   Teeküche
*   Lüftung/Kühlung
*   Doppelboden
*   Elektrounterverteilkasten

Bei langfristiger Mietdauer kann auf Anfrage ein Vollausbau mit der Eigentümerin realisiert und über die Laufzeit amortisiert werden. 

Aussenparkplätze stehen à CHF 100 / Monat zur Verfügung.

Das Nebenkosten-Akonto beträgt CHF 30 m2pa.

Gerne zeigen wir Ihnen diese spannende Bürofläche vor Ort.","8bd5c76a-c421-11ee-b1a8-0a4bde28e6f6","Office Space","Gewerbe","ab sofort","2",,"664","https://casagateway.ch/media/provider-12797/property-1369896/3a0f20427107debe1989866ddb6a7f5f.jpeg?p=lg","https://casagateway.ch/media/provider-12797/property-1369896/41c19e6f931eadb047827ad9b58f4ead.jpeg?p=lg","https://casagateway.ch/media/provider-12797/property-1369896/8e7f2633b17df5c5481e9d168269818b.jpeg?p=lg","https://casagateway.ch/media/provider-12797/property-1369896/d88638cada89da680afb12bddf5c136f.jpeg?p=lg","https://casagateway.ch/media/provider-12797/property-1369896/36e9171235c6ec69d17d2e4be3bcbe47.jpeg?p=lg","https://casagateway.ch/media/provider-12797/property-1369896/9135592996e88193e7416597d9e22641.jpeg?p=lg",,"200",,,,,,,
"80b","Bösch","Hünenberg","6331","Abgetrennte Büros mit grosszügigen Allgemeinflächen (Küche etc.)","<p>Wir vermieten voll ausgebaute Büroflächen</p><ul><li>Bereits unterteilte Räume mit sehr hellen, lichtdurchfluteten Büros</li><li>Mieterausbau&nbsp;(5 Jahre alt) kann vom Vormieter übernommen werden&nbsp;</li><li>Grosszügiger Empfang, Aufenthaltsbereich, grosse Küche</li><li>Autobahn in 1 min erreichbar</li><li>Buslinien 48 und 51 halten direkt vor der Liegenschaft.</li><li>Einstellplätze à CHF 125 verfügbar&nbsp;</li><li>Das NK-Akonto beträgt CHF 20 m2pa</li><li>Für den Objektstrom wird eine kleine Pauschale von CHF 5 m2pa erhoben.</li></ul><p>Gerne zeigen wir Ihnen die Räumlichkeiten vor Ort und freuen uns auf Ihre Kontaktaufnahme.</p>","### Abgetrennte Büros mit grosszügigen Allgemeinflächen (Küche etc.)

Wir vermieten voll ausgebaute Büroflächen

*   Bereits unterteilte Räume mit sehr hellen, lichtdurchfluteten Büros
*   Mieterausbau (5 Jahre alt) kann vom Vormieter übernommen werden 
*   Grosszügiger Empfang, Aufenthaltsbereich, grosse Küche
*   Autobahn in 1 min erreichbar
*   Buslinien 48 und 51 halten direkt vor der Liegenschaft.
*   Einstellplätze à CHF 125 verfügbar 
*   Das NK-Akonto beträgt CHF 20 m2pa
*   Für den Objektstrom wird eine kleine Pauschale von CHF 5 m2pa erhoben.

Gerne zeigen wir Ihnen die Räumlichkeiten vor Ort und freuen uns auf Ihre Kontaktaufnahme.","..(6690014)","Office Space","Gewerbe","ab sofort","2",,"200","https://casagateway.ch/media/provider-12797/property-914726/e813f935873700d2d197e850ff43402f.jpg?p=lg","https://casagateway.ch/media/provider-12797/property-914726/11267cf7248f12dbd28a4079fc665360.jpg?p=lg","https://casagateway.ch/media/provider-12797/property-914726/95568de9b15a0f46a1400f185122a337.jpg?p=lg","https://casagateway.ch/media/provider-12797/property-914726/fd9e99962afcaa16521c21a85dc6abd2.jpg?p=lg","https://casagateway.ch/media/provider-12797/property-914726/ce2874e044468f80ad1ff4f7d99044a9.jpg?p=lg","https://casagateway.ch/media/provider-12797/property-914726/b6b5af1e58d301deadc7322191098948.jpg?p=lg","https://casagateway.ch/media/provider-12797/property-914726/763e73bba99898651d70437fb00ce075.jpg?p=lg","150","https://casagateway.ch/media/provider-12797/property-914726/7a3a036eea3181b61eb5b119223fd05d.jpg?p=lg","https://casagateway.ch/media/provider-12797/property-1140057/e308bcd25670fb4671eac7ec231eb6c7.jpg?p=lg","https://casagateway.ch/media/provider-12797/property-1240251/d2b172fad2c2fefc752dc5d118263c21.jpeg?p=lg",,,,
"15","Oberfeld","Root","6037","Büroflächen mit erweitertem Grundausbau!","<p>Spannende Büroflächen an attraktiver Lage.&nbsp;</p><p>Die noch im Rohbau befindlichen Büroflächen können individuell gestaltet werden und zeichnen sich durch folgende Eigenschaften aus:</p><ul><li>3 m Deckenhöhe</li><li>Unterlagsboden wird eingebracht</li><li>Decke wird verkleidet</li><li>Diverse Verpflegungsmöglichkeiten in unmittelbarer Umgebung</li><li>Sportangebote in nächster Umgebung</li><li>Öffentliche Verkehrsmittel durch D4 Business Center gegeben</li><li>Autobahn in 2 Minuten erreichbar (Buchrain), dadurch Zürich, Basel, Bern gleichermassen gut erreichbar</li><li>Zudem können Lüftungs- und Kühlleistung bezogen werden (Anschlüsse pro Etage, teilweise bis Mietgrenze vorhanden)</li><li>Diverse Lagermöglichkeiten im Untergeschoss</li></ul><p>Das NK-Akonto beträgt CHF 25 m2pa.</p><p>Innen- und Aussenparkplätze vorhanden (CHF 60 resp. CHF 140 pro Monat).</p><p>Alle Beträge verstehen sich zzgl. gesetzlicher MwSt.</p><p>Gerne zeigen wir Ihnen diese spannende Möglichkeit vor Ort.</p>","### Büroflächen mit erweitertem Grundausbau!

Spannende Büroflächen an attraktiver Lage. 

Die noch im Rohbau befindlichen Büroflächen können individuell gestaltet werden und zeichnen sich durch folgende Eigenschaften aus:

*   3 m Deckenhöhe
*   Unterlagsboden wird eingebracht
*   Decke wird verkleidet
*   Diverse Verpflegungsmöglichkeiten in unmittelbarer Umgebung
*   Sportangebote in nächster Umgebung
*   Öffentliche Verkehrsmittel durch D4 Business Center gegeben
*   Autobahn in 2 Minuten erreichbar (Buchrain), dadurch Zürich, Basel, Bern gleichermassen gut erreichbar
*   Zudem können Lüftungs- und Kühlleistung bezogen werden (Anschlüsse pro Etage, teilweise bis Mietgrenze vorhanden)
*   Diverse Lagermöglichkeiten im Untergeschoss

Das NK-Akonto beträgt CHF 25 m2pa.

Innen- und Aussenparkplätze vorhanden (CHF 60 resp. CHF 140 pro Monat).

Alle Beträge verstehen sich zzgl. gesetzlicher MwSt.

Gerne zeigen wir Ihnen diese spannende Möglichkeit vor Ort.","93f6b34f-e03d-11ed-926d-0a4bde28e6f6","Office Space","Gewerbe","ab sofort","2",,"349","https://casagateway.ch/media/provider-12797/property-1102590/4d66a9c336f3748c6e71c3b5eb6b7a76.jpg?p=lg","https://casagateway.ch/media/provider-12797/property-1102590/436f41aea680ee31ac8860381a6d1e3c.jpg?p=lg","https://casagateway.ch/media/provider-12797/property-1102590/a187c1c413b3366f4388711105e38116.jpg?p=lg","https://casagateway.ch/media/provider-12797/property-1102590/6c592a5d22b773dafc72c0bb98e53323.jpg?p=lg","https://casagateway.ch/media/provider-12797/property-1102454/a8ba613cb034b738875bbefc6cd49d83.jpg?p=lg",,,"150",,,,,,,
"17","Hinterbergstrasse","Cham","6330","Helle, top gelegene Bürofläche in Cham!","<p>In einem modernen Geschäftshaus an der Hinterbergstrasse 17 in Cham vermieten wir eine repräsentative Büroflächen mit ausserordentlich hohen Decken und allen nötigen Nebenflächen, die heutzutage benötigt werden. Die Flächen und der Ausbau sind sehr gepflegt.</p><p>Die Liegenschaft befindet sich in unmittelbarer Nähe zu:</p><ul><li>Vielzahl an Restaurants</li><li>Diversen Retailern (Aldi, Lidl, Jumbo, Coop Tankstelle)</li><li>PureGym</li><li>Würth Handwerkershop</li><li>Einkaufszentrum Zugerland</li><li>Zudem Baby Walz, Jysk und Aquarienfachmarkt innerhalb des Gebäudes</li></ul><p>Die Anbindung sowohl mit dem Individualverkehr als auch mit den öffentlichen Verkehrsmitteln ist ebenfalls sehr gut:</p><ul><li>Autobahnanschluss 1 Minute</li><li>Bushaltstelle 1 Minute</li><li>Bahnstation Steinhausen Rigiblick 1 Minute</li></ul><p>Die Bürofläche selbst besticht durch folgende Eigenschaften:</p><ul><li>Bestehende Unterteilungen (Einzelbüros, Mehrfachbüros, Open Space)</li><li>Diverse Sitzungsräume</li><li>Grosszügige Teeküche mit Aufenthaltsbereich</li><li>Bestehende Belüftung mit konditionierter Luft</li><li>Lichtinstallation&nbsp;</li><li>Akustikdecke</li><li>Viel Tageslicht aufgrund der Deckenhöhe</li><li>Aussicht</li><li>Garderobe und Empfangsbereich</li><li>Archivraum</li><li>Serverraum</li></ul><p>Das Nebenkosten-Akonto beträgt CHF 25 / m2pa.<br>Aussen- (CHF 110 / Monat) oder Einstellplätze (CHF 150 / Monat) können bei Bedarf dazu gemietet werden.</p><p>Alle Preise verstehen sich zzgl. MwSt. 8.1%.</p><p>Gerne zeigen wir Ihnen diese repräsentative Bürofläche in einer ansprechenden Liegenschaft.</p>","### Helle, top gelegene Bürofläche in Cham!

In einem modernen Geschäftshaus an der Hinterbergstrasse 17 in Cham vermieten wir eine repräsentative Büroflächen mit ausserordentlich hohen Decken und allen nötigen Nebenflächen, die heutzutage benötigt werden. Die Flächen und der Ausbau sind sehr gepflegt.

Die Liegenschaft befindet sich in unmittelbarer Nähe zu:

*   Vielzahl an Restaurants
*   Diversen Retailern (Aldi, Lidl, Jumbo, Coop Tankstelle)
*   PureGym
*   Würth Handwerkershop
*   Einkaufszentrum Zugerland
*   Zudem Baby Walz, Jysk und Aquarienfachmarkt innerhalb des Gebäudes

Die Anbindung sowohl mit dem Individualverkehr als auch mit den öffentlichen Verkehrsmitteln ist ebenfalls sehr gut:

*   Autobahnanschluss 1 Minute
*   Bushaltstelle 1 Minute
*   Bahnstation Steinhausen Rigiblick 1 Minute

Die Bürofläche selbst besticht durch folgende Eigenschaften:

*   Bestehende Unterteilungen (Einzelbüros, Mehrfachbüros, Open Space)
*   Diverse Sitzungsräume
*   Grosszügige Teeküche mit Aufenthaltsbereich
*   Bestehende Belüftung mit konditionierter Luft
*   Lichtinstallation 
*   Akustikdecke
*   Viel Tageslicht aufgrund der Deckenhöhe
*   Aussicht
*   Garderobe und Empfangsbereich
*   Archivraum
*   Serverraum

Das Nebenkosten-Akonto beträgt CHF 25 / m2pa.  
Aussen- (CHF 110 / Monat) oder Einstellplätze (CHF 150 / Monat) können bei Bedarf dazu gemietet werden.

Alle Preise verstehen sich zzgl. MwSt. 8.1%.

Gerne zeigen wir Ihnen diese repräsentative Bürofläche in einer ansprechenden Liegenschaft.","9668517d-f74d-11ee-afda-0a4bde28e6f6","Office Space","Gewerbe","1. April 2025","2",,"694","https://casagateway.ch/media/provider-12797/property-1404627/59e6e1b2dd5f91f343b596cdc7a930be.jpeg?p=lg","https://casagateway.ch/media/provider-12797/property-1404627/2a1f53a79f1090a8dc1ced89d9de5bf1.jpeg?p=lg","https://casagateway.ch/media/provider-12797/property-1404627/55f5f107f0f6479a3e41df50cfd1ba8d.jpeg?p=lg","https://casagateway.ch/media/provider-12797/property-1404627/b1d0fffe4c31048d44b4043db8ac1dfe.jpeg?p=lg","https://casagateway.ch/media/provider-12797/property-1404627/ae46cf6c4daac8c129c8e2ed52b77432.jpeg?p=lg","https://casagateway.ch/media/provider-12797/property-1404627/7663fc0c8292dff6267ac54081f18eb7.jpeg?p=lg","https://casagateway.ch/media/provider-12797/property-1404627/865af2468f6cd8c3eb62e3626f3e7d35.jpeg?p=lg","230","https://casagateway.ch/media/provider-12797/property-1404627/db70a2bd833668861efc5df3f97689f1.jpeg?p=lg","https://casagateway.ch/media/provider-12797/property-1404627/5152ac2489ac47183dd7ea351e1aea6a.jpeg?p=lg","https://casagateway.ch/media/provider-12797/property-1404627/df25fa36cc2df95bb2b4073d5bad0f53.jpeg?p=lg","https://casagateway.ch/media/provider-12797/property-1199498/aa3b26262f6095c854dc7504502efebb.jpeg?p=lg",,,
"18","Neumarktplatz","Brugg","5200","Verkaufsfläche an bester Lage in Brugg - Erdgeschoss mit Untergeschoss","<p>Zur Vermietung steht eine Verkaufsfläche an bester Lage am Neumarktplatz in Brugg. Die ca. 1'433 m2 teilen sich folgendermassen auf drei Etagen auf:</p><ul><li>UG ca. 376 m2</li><li>EG ca. 456 m2</li><li>OG ca. 601 m2</li></ul><p>Der Nettomietzins von CHF 390 m2pa gilt für das Erdgeschoss mit dem Untergeschoss.</p><p>Mögliche Teilflächen:</p><ul><li>EG + UG</li><li>OG</li></ul><p>Das Center erfuhr in den letzten Monaten eine Revitalisierung und das Obergeschoss ist nun zusätzlich durch den Eingang beim Coop über die neue Passerelle erreichbar. Das Look and Feel wurde vereinheitlicht, wodurch das Gefühl einer Einheit gefördert wird. Somit profitieren alle Geschäfte vom Umbau und dem bestehenden Personenverkehr.</p><p>Gerne zeigen wir Ihnen diese einmalige Gelegenheit vor Ort.</p>","### Verkaufsfläche an bester Lage in Brugg - Erdgeschoss mit Untergeschoss

Zur Vermietung steht eine Verkaufsfläche an bester Lage am Neumarktplatz in Brugg. Die ca. 1'433 m2 teilen sich folgendermassen auf drei Etagen auf:

*   UG ca. 376 m2
*   EG ca. 456 m2
*   OG ca. 601 m2

Der Nettomietzins von CHF 390 m2pa gilt für das Erdgeschoss mit dem Untergeschoss.

Mögliche Teilflächen:

*   EG + UG
*   OG

Das Center erfuhr in den letzten Monaten eine Revitalisierung und das Obergeschoss ist nun zusätzlich durch den Eingang beim Coop über die neue Passerelle erreichbar. Das Look and Feel wurde vereinheitlicht, wodurch das Gefühl einer Einheit gefördert wird. Somit profitieren alle Geschäfte vom Umbau und dem bestehenden Personenverkehr.

Gerne zeigen wir Ihnen diese einmalige Gelegenheit vor Ort.","96dbfb30-f804-11ee-afda-0a4bde28e6f6","Retail Space","Gewerbe","ab sofort",,,"834","https://casagateway.ch/media/provider-12797/property-1404625/09c7f5c446531382b17c76acb9a6baeb.png?p=lg","https://casagateway.ch/media/provider-12797/property-1404625/e6a5c4aaef186d81d8e4c64c9c0325de.jpeg?p=lg","https://casagateway.ch/media/provider-12797/property-1404625/6380c1f25811f29e48fe6edc13773623.jpeg?p=lg","https://casagateway.ch/media/provider-12797/property-1404625/7f3769b68589d9278cf1dba2ee90d4c1.jpeg?p=lg","https://casagateway.ch/media/provider-12797/property-1374646/8c74a9719f75a7e549dd372ef09634e2.jpeg?p=lg","https://casagateway.ch/media/provider-12797/property-1374646/c95b2ad5596920a1d369d585cde5cfb8.jpeg?p=lg","https://casagateway.ch/media/provider-12797/property-1404625/77c7b0ec77c6ba09277e567ceed9826f.jpeg?p=lg","390",,,,,,,
"26","Industriestrasse","Winterthur","8404","Open Space, Einzelbüros und Sitzungsraum - alles in Einem!","<h3>Open Space, Einzelbüros und Sitzungsraum - alles in Einem!</h3>
																								<p>Der Ausbau besteht aus einem angenehmen Open Space Bereich, vier Einzel-/Doppelbüros und einem grossen Sitzungsraum. Lichtinstallation ist ebenfalls vorhanden. Der Bodenbelag ist sehr gut erhalten. Die voll ausgebaute Fläche ist sofort bezugsbereit.&nbsp;</p><p>Parkplätze sind zu CHF 110.- / Monat in der Tiefgarage verfügbar und können dazu gemietet werden.</p><p>Das NK-Akonto beträgt CHF 25 pro m2pa.</p><p>Alle Beträge zzgl. gesetzlicher MwSt.</p><p>Gerne zeigen wir Ihnen die Bürofläche vor Ort.</p>","### Open Space, Einzelbüros und Sitzungsraum - alles in Einem!

### Open Space, Einzelbüros und Sitzungsraum - alles in Einem!

Der Ausbau besteht aus einem angenehmen Open Space Bereich, vier Einzel-/Doppelbüros und einem grossen Sitzungsraum. Lichtinstallation ist ebenfalls vorhanden. Der Bodenbelag ist sehr gut erhalten. Die voll ausgebaute Fläche ist sofort bezugsbereit. 

Parkplätze sind zu CHF 110.- / Monat in der Tiefgarage verfügbar und können dazu gemietet werden.

Das NK-Akonto beträgt CHF 25 pro m2pa.

Alle Beträge zzgl. gesetzlicher MwSt.

Gerne zeigen wir Ihnen die Bürofläche vor Ort.","..(5958138)","Office Space","Gewerbe","ab sofort","4",,"208","https://casagateway.ch/media/provider-12797/property-914727/0f706391356d9e24e1f6fecabaaa16f6.jpg?p=lg","https://casagateway.ch/media/provider-12797/property-914727/076d363889dbb878abf4a80c2b3b8fe4.jpg?p=lg","https://casagateway.ch/media/provider-12797/property-914727/5c7d327d0b275bccd34369f8b671677e.jpg?p=lg","https://casagateway.ch/media/provider-12797/property-914727/a863fceb84e4826542547ca03ee2fe58.jpg?p=lg","https://casagateway.ch/media/provider-12797/property-914727/4caca208f03ae52caa3efe2931325094.jpg?p=lg","https://casagateway.ch/media/provider-12797/property-914727/b6013e7c5d54c8915708494dec802773.jpg?p=lg","https://casagateway.ch/media/provider-12797/property-914727/6cef3fd09f857871fbc2f5a8727ccf18.jpg?p=lg","135","https://casagateway.ch/media/provider-12797/property-914727/20855b800ee729f6bcf301f718ecec42.jpg?p=lg","https://casagateway.ch/media/provider-12797/property-914727/7042682df28a77b5b54be6d22b36940f.jpg?p=lg","https://casagateway.ch/media/provider-12797/property-914727/2b8d40dc2435250c558fa42bbbff52b5.jpg?p=lg","https://casagateway.ch/media/provider-12797/property-914727/d3d69ba17f77f7bd321dff6bd2e5d9fa.jpg?p=lg","https://casagateway.ch/media/provider-12797/property-914727/e8caace2e8539952a11d6166ddae944d.jpg?p=lg","https://casagateway.ch/media/provider-12797/property-914727/706129aed14a329abceaf51ea3de22ce.jpg?p=lg",
"56","Burrirain","Täuffelen","2575","Helle Büros - flexibel erweiterbar!","<p>Die zur Vermietung stehenden Büroflächen sind aufgrund der grossen Fenster äusserst hell und verfügen über Grundinstallationen.</p><p>Im Gebäude stehen folgende Grössen zur Verfügung:</p><ul><li>25 m2</li><li>50 m2</li><li>100 m2</li><li>180 m2</li><li>330 m2&nbsp;</li></ul><p>Zwei kleine Essbereiche mit je einer Teeküche stehen zur Mitbenutzung zur Verfügung.</p><p>Die Nebenkostenpauschale beträgt CHF 80 / Monat (bei 50 m2).</p><p>Aussenparkplätze können à CHF 50 / Monat gemietet werden.</p><p>Alle Beträge verstehen sich zzgl. gesetzlicher MwSt.&nbsp;</p><p>Gerne zeigen wir Ihnen die verschiedenen Optionen vor Ort.</p>","### Helle Büros - flexibel erweiterbar!

Die zur Vermietung stehenden Büroflächen sind aufgrund der grossen Fenster äusserst hell und verfügen über Grundinstallationen.

Im Gebäude stehen folgende Grössen zur Verfügung:

*   25 m2
*   50 m2
*   100 m2
*   180 m2
*   330 m2 

Zwei kleine Essbereiche mit je einer Teeküche stehen zur Mitbenutzung zur Verfügung.

Die Nebenkostenpauschale beträgt CHF 80 / Monat (bei 50 m2).

Aussenparkplätze können à CHF 50 / Monat gemietet werden.

Alle Beträge verstehen sich zzgl. gesetzlicher MwSt. 

Gerne zeigen wir Ihnen die verschiedenen Optionen vor Ort.","9aec17cb-974c-11ed-9038-005056bdbc06","Office Space","Gewerbe","ab sofort",,,"50","https://casagateway.ch/media/provider-12797/property-1207195/623116d2fe6ceafb932c9a63200bf5ba.jpeg?p=lg","https://casagateway.ch/media/provider-12797/property-1189773/907a7068228b1213ef86d5efca5e4db2.jpeg?p=lg","https://casagateway.ch/media/provider-12797/property-1189769/aaaf0c44dea1175646aa9ed241342740.jpeg?p=lg","https://casagateway.ch/media/provider-12797/property-1189769/910060dd739bcdbc5c0079017c9d30fa.jpeg?p=lg","https://casagateway.ch/media/provider-12797/property-1189769/0799d9666064dd733d3e458e2c469e28.jpeg?p=lg","https://casagateway.ch/media/provider-12797/property-1207195/e0135e6c254fe67522d51bec5b8d4191.jpeg?p=lg","https://casagateway.ch/media/provider-12797/property-1207195/bf9ae577f21fc3702ce008e3441fff7b.jpeg?p=lg","590","https://casagateway.ch/media/provider-12797/property-1207195/db39ef42486fb35a4899ffe2d31abb68.jpeg?p=lg","https://casagateway.ch/media/provider-12797/property-1207195/24147e20e774da574ad6c58c88507112.jpeg?p=lg","https://casagateway.ch/media/provider-12797/property-1207195/554b1bb7459958fe46c907ed8aad1182.jpeg?p=lg",,,,
"66","Neugutstrasse","Dübendorf","8600","Ausgebautes Büro mit Teeküche und Terrasse!","<p>Wir vermieten an guter Lage in Dübendorf eine ausgebaute Bürofläche mit kleiner Terrasse. Einige Unterteilungen sind bereits vorhanden. Zudem ist eine Dusche eingebaut.</p><p>Die Liegenschaft ist hervorragend mit den ÖV's erschlossen. Die Tramstation Ringwiesen befindet sich in 400 m Entfernung und die Buslinie 759 hält vor dem Nachbargebäude. Zudem verfügt das Quartier über diverse Retailer, Restaurants/Imbisse bis hin zum Fitnesscenter.</p><p>Parkplätze à CHF 130 / Monat sind in der Tiefgarage verfügbar.</p><p>Das Nebenkosten-Akonto beträgt CHF 30 m2pa.</p><p>Alle Beträge zzgl. gesetzlicher MwSt.&nbsp;</p><p>Gerne zeigen wir Ihnen diese praktische Bürofläche vor Ort.</p><p>&nbsp;</p><p>&nbsp;</p><p>&nbsp;</p>","### Ausgebautes Büro mit Teeküche und Terrasse!

Wir vermieten an guter Lage in Dübendorf eine ausgebaute Bürofläche mit kleiner Terrasse. Einige Unterteilungen sind bereits vorhanden. Zudem ist eine Dusche eingebaut.

Die Liegenschaft ist hervorragend mit den ÖV's erschlossen. Die Tramstation Ringwiesen befindet sich in 400 m Entfernung und die Buslinie 759 hält vor dem Nachbargebäude. Zudem verfügt das Quartier über diverse Retailer, Restaurants/Imbisse bis hin zum Fitnesscenter.

Parkplätze à CHF 130 / Monat sind in der Tiefgarage verfügbar.

Das Nebenkosten-Akonto beträgt CHF 30 m2pa.

Alle Beträge zzgl. gesetzlicher MwSt. 

Gerne zeigen wir Ihnen diese praktische Bürofläche vor Ort.","9d755bc8-5a76-11ed-842e-005056bdbc06","Office Space","Gewerbe","ab sofort","4",,"157","https://casagateway.ch/media/provider-12797/property-1153802/acc334bd085005c7b4f88d0c47bf11e3.jpeg?p=lg","https://casagateway.ch/media/provider-12797/property-1153802/2fd3548f5d1238cf1849d056ba21d5e6.jpeg?p=lg","https://casagateway.ch/media/provider-12797/property-1153802/4aafefe8781e4c5df586fa2a5a6ed69f.jpeg?p=lg","https://casagateway.ch/media/provider-12797/property-1153802/cdb4ed737a6fcd63d35b15f3b6f0f148.jpeg?p=lg","https://casagateway.ch/media/provider-12797/property-1153802/a59462a72b2f78156882828cfefa3a4e.jpeg?p=lg","https://casagateway.ch/media/provider-12797/property-1153803/97be7c79f98dd3b42674f728366697ab.jpeg?p=lg","https://casagateway.ch/media/provider-12797/property-1153803/2da6ded9e95a13360567dbdf04ab903b.jpeg?p=lg","190","https://casagateway.ch/media/provider-12797/property-959659/d538caf2d015a148af5840353dadb380.jpg?p=lg","https://casagateway.ch/media/provider-12797/property-959659/5d3e3c1f48397c78ed9b990a7c69be1e.jpg?p=lg","https://casagateway.ch/media/provider-12797/property-959659/473cbc0e666fa3a8f7da7516e069d410.jpg?p=lg",,,,
"2","Wattwerkstrasse","Bubendorf","4416","GreenPlaces - Modulare Gewerbeeinheiten (Rohbau) für diverse Nutzungen!","<p>GreenPlaces ist ein modernes, modulares und ökologisch nachhaltiges Gewerbeparkkonzept, das lokalen KMU's und auch Start-Up's ermöglicht, Geschäftsflächen zu günstigen Konditionen zu mieten.</p><p>Zur Vermietung stehen einzelne als auch doppelte Einheiten. Auf Anfrage können auch mehrere Einheiten ec bloc gemietet resp. gekauft werden.</p><p>Die Nettogeschossfläche auf drei Stockwerken beträgt 163 m2. Für den Ausbau der Flächen liegen bewährte Konzepte vor (WC, Heizung/Kühlung, Malerarbeiten, Elektro-Grundverteilung). Bei der Nutzung bestehen kaum Einschränkungen.</p><p>Ein Parkplatz pro Einheit kann für CHF 50 / Monat gemietet werden.</p><p>Das NK-Akonto beträgt CHF 100 / Monat.</p><p>Gerne zeigen wir Ihnen dieses spannende und zweckmässige Konzept vor Ort.</p>","### GreenPlaces - Modulare Gewerbeeinheiten (Rohbau) für diverse Nutzungen!

GreenPlaces ist ein modernes, modulares und ökologisch nachhaltiges Gewerbeparkkonzept, das lokalen KMU's und auch Start-Up's ermöglicht, Geschäftsflächen zu günstigen Konditionen zu mieten.

Zur Vermietung stehen einzelne als auch doppelte Einheiten. Auf Anfrage können auch mehrere Einheiten ec bloc gemietet resp. gekauft werden.

Die Nettogeschossfläche auf drei Stockwerken beträgt 163 m2. Für den Ausbau der Flächen liegen bewährte Konzepte vor (WC, Heizung/Kühlung, Malerarbeiten, Elektro-Grundverteilung). Bei der Nutzung bestehen kaum Einschränkungen.

Ein Parkplatz pro Einheit kann für CHF 50 / Monat gemietet werden.

Das NK-Akonto beträgt CHF 100 / Monat.

Gerne zeigen wir Ihnen dieses spannende und zweckmässige Konzept vor Ort.","9f448a87-6f15-11ee-86bd-0a4bde28e6f6","Commercial Space","Gewerbe","ab sofort",,,"163","https://casagateway.ch/media/provider-12797/property-1122617/face21afad8269b6fe65c9134c9af281.jpg?p=lg","https://casagateway.ch/media/provider-12797/property-1122617/4a7c51b29468844f4b9d9093d4d17227.jpg?p=lg","https://casagateway.ch/media/provider-12797/property-1122617/5c2ec30f19c6eb7fced860bf0147544e.jpg?p=lg","https://casagateway.ch/media/provider-12797/property-1122617/07a495411c6fbece7a36b0f33afb5f30.jpg?p=lg","https://casagateway.ch/media/provider-12797/property-1122617/e38fcce2e88201733cab3b33dc3ec918.jpg?p=lg","https://casagateway.ch/media/provider-12797/property-1122617/59abe1ea78cf0bd00e2cbcd31eb79b34.jpg?p=lg","https://casagateway.ch/media/provider-12797/property-1122617/0f1dfe1f0fac2d595a6f5a2dff9d36d4.jpg?p=lg","1730","https://casagateway.ch/media/provider-12797/property-1122617/afdaf27f3e57107c06212b873e832e93.jpg?p=lg","https://casagateway.ch/media/provider-12797/property-1122617/4ddf03d71df5e6039b59dd1432009b86.jpg?p=lg","https://casagateway.ch/media/provider-12797/property-1122617/911f2d3dd21de78666c236d394d6a176.jpg?p=lg",,,,
"72","Zürichstrasse","Wangen-Brüttisellen","8306","Hochwertige Büroflächen mit Infrastruktur!","<p>Die repräsentative Liegenschaft befindet sich direkt an der Autobahnabfahrt Brüttisellen. Dadurch geniessen die Mieter eine sehr gute Visibilität. Der Bahnhof Dietlikon ist zu Fuss ca. 5 min entfernt.</p><p>Die sehr hellen und hochwertig ausgebauten Büroflächen befinden sich im 1.OG und das Mietobjekt besteht aus zwei Einzelräumen, welche als verbunden werden könnten. Zur Mitbenutzung steht eine grosszügige Küche mit Balkon und die WC-Anlagen zur Verfügung.&nbsp;</p><p>Die Flächen sind belüftet und die Liegenschaft verfügt über eine Grundkühlung (Tabs). Die Storen sind ausserdem elektrisch betrieben.</p><p>Zum monatlichen Mietzins kommt für die allgemeinen Nebenkosten ein monatlicher Betrag von CHF 167 und eine kleine Strompauschale von monatlich ca. CHF 21 hinzu.</p><p>Parkplätze sind ebenfalls vorhanden.</p><p>Alle Beträge verstehen sich zzgl. gesetzlicher MwSt.</p><p>Gerne zeigen wie Ihnen diese spannende Gelegenheit vor Ort.</p>","### Hochwertige Büroflächen mit Infrastruktur!

Die repräsentative Liegenschaft befindet sich direkt an der Autobahnabfahrt Brüttisellen. Dadurch geniessen die Mieter eine sehr gute Visibilität. Der Bahnhof Dietlikon ist zu Fuss ca. 5 min entfernt.

Die sehr hellen und hochwertig ausgebauten Büroflächen befinden sich im 1.OG und das Mietobjekt besteht aus zwei Einzelräumen, welche als verbunden werden könnten. Zur Mitbenutzung steht eine grosszügige Küche mit Balkon und die WC-Anlagen zur Verfügung. 

Die Flächen sind belüftet und die Liegenschaft verfügt über eine Grundkühlung (Tabs). Die Storen sind ausserdem elektrisch betrieben.

Zum monatlichen Mietzins kommt für die allgemeinen Nebenkosten ein monatlicher Betrag von CHF 167 und eine kleine Strompauschale von monatlich ca. CHF 21 hinzu.

Parkplätze sind ebenfalls vorhanden.

Alle Beträge verstehen sich zzgl. gesetzlicher MwSt.

Gerne zeigen wie Ihnen diese spannende Gelegenheit vor Ort.","a47fe021-9f44-11ee-b1a8-0a4bde28e6f6","Office Space","Gewerbe","Auf Anfrage","1",,"50","https://casagateway.ch/media/provider-12797/property-1349379/8d06fbc4806d11f63582d71599c9f190.jpeg?p=lg","https://casagateway.ch/media/provider-12797/property-1349379/d28511faefded0425c56ff90a9ed5ec1.jpeg?p=lg","https://casagateway.ch/media/provider-12797/property-1349379/9c7c4a751f608e6861f6c3a5a64226d4.jpeg?p=lg","https://casagateway.ch/media/provider-12797/property-1349342/49304a85fafde8787b3c9b7d10c5b4f8.jpeg?p=lg","https://casagateway.ch/media/provider-12797/property-1349342/1f1796b4c6c0dc37ff9079d29d4d3ff1.jpeg?p=lg","https://casagateway.ch/media/provider-12797/property-1112301/d0d2b83865b8ba1699b4a6a85c58a7f0.jpg?p=lg","https://casagateway.ch/media/provider-12797/property-1349379/5c355a85b37afd4ff64bb0df62f79bc3.jpeg?p=lg","1667","https://casagateway.ch/media/provider-12797/property-1011459/cd5ac9265407b008fac5ac390e425fd8.jpg?p=lg",,,,,,
"32","Spitalstrasse","Biel","2502","Verkaufsfläche mit attraktiver Deckenhöhe unweit des Bahnhofs (4 Minuten) mitten in Biel!","<p>Zur Vermietung steht eine Verkaufsfläche unweit des Bahnhofs (4 Minuten) mitten in Biel.</p><p>Die Fläche verfügt bereits über:</p><ul><li>Eigene WC's</li><li>Lüftung bis Mietgrenze</li><li>Elektroerschliessung</li><li>Fussbodenheizung</li><li>Brandmeldeanlage</li><li>Mehrere Eingänge für Personen und Waren</li><li>Grosse Schaufensterflächen</li><li>Separaten Lagerraum mit knapp 40 m2 (ebenfalls EG)</li></ul><p>Die Vermietung von Teilflächen ist ebenfalls möglich.</p><p>Einstellhallenplätze à CHF 200 / Monat sind in der Liegenschaft ausreichend vorhanden.</p><p>Das Nebenkosten-Akonto beläuft sich auf ca. CHF 35 m2pa.</p><p>Alle Beträge verstehen sich zzgl. 8.1% MwSt.</p><p>Gerne zeigen wir Ihnen diese spannende Gelegenheit vor Ort.</p>","### Verkaufsfläche mit attraktiver Deckenhöhe unweit des Bahnhofs (4 Minuten) mitten in Biel!

Zur Vermietung steht eine Verkaufsfläche unweit des Bahnhofs (4 Minuten) mitten in Biel.

Die Fläche verfügt bereits über:

*   Eigene WC's
*   Lüftung bis Mietgrenze
*   Elektroerschliessung
*   Fussbodenheizung
*   Brandmeldeanlage
*   Mehrere Eingänge für Personen und Waren
*   Grosse Schaufensterflächen
*   Separaten Lagerraum mit knapp 40 m2 (ebenfalls EG)

Die Vermietung von Teilflächen ist ebenfalls möglich.

Einstellhallenplätze à CHF 200 / Monat sind in der Liegenschaft ausreichend vorhanden.

Das Nebenkosten-Akonto beläuft sich auf ca. CHF 35 m2pa.

Alle Beträge verstehen sich zzgl. 8.1% MwSt.

Gerne zeigen wir Ihnen diese spannende Gelegenheit vor Ort.","a5d283cf-ca51-11ee-b1a8-0a4bde28e6f6","Retail Space","Gewerbe","ab sofort",,,"571","https://casagateway.ch/media/provider-12797/property-1374682/e7cc1af87b9ed875e25a3569b08e7c5e.jpeg?p=lg","https://casagateway.ch/media/provider-12797/property-1374682/d6a04f58e0e5ddc6e61eee59347ed1de.jpeg?p=lg","https://casagateway.ch/media/provider-12797/property-1374682/26cf0d881519ac9b901ff7ea119b00ba.jpeg?p=lg","https://casagateway.ch/media/provider-12797/property-1374682/939af2ac126f2093548edb81bf803c9e.jpeg?p=lg","https://casagateway.ch/media/provider-12797/property-1374682/195750e37b021b9e5f787fdb702591d8.jpeg?p=lg","https://casagateway.ch/media/provider-12797/property-1374682/8c99bdc5c0b7f66a59f38f35e7bfd427.jpeg?p=lg","https://casagateway.ch/media/provider-12797/property-1374682/c60870b6d88175140ba7060ca3a32d09.jpeg?p=lg","390","https://casagateway.ch/media/provider-12797/property-1374682/2096b9d6ac8a25f57de47932789d3366.jpeg?p=lg","https://casagateway.ch/media/provider-12797/property-1374682/76497c6fd7f450847a00e28a76763e00.png?p=lg","https://casagateway.ch/media/provider-12797/property-1374682/46c8acb860f742aa25aefa0a90b5a4ae.png?p=lg",,,,
"18","Tödiweg","Volketswil","8604","Gewerbe-/Produktions-/Verkaufsflächen in Volketswil - Industriezone","<p></p><p>Zur Neuvermietung steht eine gesamte Liegenschaft in der Industriezone von Volketswil (ES III) unweit der Autobahn. Die Liegenschaft ist für verschiedene Nutzungen geeignet und kann unter den gegebenen Rahmenbedingungen umgenutzt werden. Die Mikrolage ist ausserordentlich gut.</p><p>Eine Teilflächenvermietung ist möglich. Die Teilflächen haben Grössen zwischen 500 m2 und 3'000 m2, wobei das Erdgeschoss aus ca. 2/3 Gewerbefläche und 1/3 Lagerfläche besteht.</p><p>Die Anlieferung ist durch einen Scherenhubtisch/Anpassrampen gewährleistet und der Warenfluss innerhalb des Gebäudes erfolgt über Warenlifte.</p><p>Eine Tiefgarage mit ausreichend Stellplätzen ist zudem vorhanden.&nbsp;</p><p>Aufgrund der heutigen Vermietungssituation werden weitere Informationen nur nach unterzeichneter Verschwiegenheitserklärung mitgeteilt.</p><p>Bei Interesse stehen wir Ihnen gerne zur Verfügung.&nbsp;&nbsp;</p><p></p>","### Gewerbe-/Produktions-/Verkaufsflächen in Volketswil - Industriezone

Zur Neuvermietung steht eine gesamte Liegenschaft in der Industriezone von Volketswil (ES III) unweit der Autobahn. Die Liegenschaft ist für verschiedene Nutzungen geeignet und kann unter den gegebenen Rahmenbedingungen umgenutzt werden. Die Mikrolage ist ausserordentlich gut.

Eine Teilflächenvermietung ist möglich. Die Teilflächen haben Grössen zwischen 500 m2 und 3'000 m2, wobei das Erdgeschoss aus ca. 2/3 Gewerbefläche und 1/3 Lagerfläche besteht.

Die Anlieferung ist durch einen Scherenhubtisch/Anpassrampen gewährleistet und der Warenfluss innerhalb des Gebäudes erfolgt über Warenlifte.

Eine Tiefgarage mit ausreichend Stellplätzen ist zudem vorhanden. 

Aufgrund der heutigen Vermietungssituation werden weitere Informationen nur nach unterzeichneter Verschwiegenheitserklärung mitgeteilt.

Bei Interesse stehen wir Ihnen gerne zur Verfügung.","a8f68859-5bb3-11ee-b2b2-0a4bde28e6f6","Commercial Space","Gewerbe","Auf Anfrage",,,"6325","https://casagateway.ch/media/provider-12797/property-1308414/85300b905606773d7efc2bd358e8ca53.png?p=lg",,,,,,,,,,,,,,
"30","Europa-Strasse","Opfikon","8152","Klimatisiertes Einzelbüro mit kleinem Lagerraum","<h3>Klimatisiertes Einzelbüro mit kleinem Lagerraum</h3>
																								<p>An guter Lage in Glattbrugg steht ein helles, ausgebautes und klimatisiertes Einzelbüro mit einem dazugehörigen Lagerraum von 6.5 m2 zur Vermietung.</p><p>Die Mietfläche zeichnet sich vor allem durch folgende Eigenschaften aus:</p><p>Teppichboden wird vor Bezug neu gemacht (Mitspracherecht)<br>Parkplätze vorhanden<br>Gute Verkehrsanbindung (Die Liegenschaft liegt unweit vom Bahnhof und der Tramstation ""Bäuler"" ; der Autobahnanschluss und der Flughafen Zürich befindet sich lediglich in zwei Minuten Entfernung).</p><p>Das Nebenkosten-Akonto beträgt CHF 20 m2pa.</p><p>Aussenparkplätze sind zu CHF 120 / Monat verfügbar.</p><p>Alle Preisangaben verstehen sich zzgl. gesetzlicher MwSt.</p><p>Gerne zeigen wir Ihnen&nbsp;die Räumlichkeiten vor Ort.</p>","### Klimatisiertes Einzelbüro mit kleinem Lagerraum

### Klimatisiertes Einzelbüro mit kleinem Lagerraum

An guter Lage in Glattbrugg steht ein helles, ausgebautes und klimatisiertes Einzelbüro mit einem dazugehörigen Lagerraum von 6.5 m2 zur Vermietung.

Die Mietfläche zeichnet sich vor allem durch folgende Eigenschaften aus:

Teppichboden wird vor Bezug neu gemacht (Mitspracherecht)  
Parkplätze vorhanden  
Gute Verkehrsanbindung (Die Liegenschaft liegt unweit vom Bahnhof und der Tramstation ""Bäuler"" ; der Autobahnanschluss und der Flughafen Zürich befindet sich lediglich in zwei Minuten Entfernung).

Das Nebenkosten-Akonto beträgt CHF 20 m2pa.

Aussenparkplätze sind zu CHF 120 / Monat verfügbar.

Alle Preisangaben verstehen sich zzgl. gesetzlicher MwSt.

Gerne zeigen wir Ihnen die Räumlichkeiten vor Ort.","..(6599376)","Office Space","Gewerbe","ab sofort",,,"74","https://casagateway.ch/media/provider-12797/property-1297127/7c4c009c0f132147f0b9e5118155df96.jpeg?p=lg","https://casagateway.ch/media/provider-12797/property-1297127/53a66815c40c684270c6cd27350f18b7.jpeg?p=lg","https://casagateway.ch/media/provider-12797/property-914760/97e037b463c181968d59c805f6251a27.jpg?p=lg",,,,,"230",,,,,,,
"12","Industriestrasse","Wilderswil","3812","Modulare Gewerbeflächen für diverse Nutzungen - GreenPlaces!","<p></p><p>GreenPlaces ist ein modernes, modulares und ökologisch nachhaltiges Gewerbeparkkonzept, das lokalen KMU's und auch Start-Up's ermöglicht, Geschäftsflächen zu günstigen Konditionen zu mieten.</p><p>Zur Vermietung stehen einzelne als auch doppelte Einheiten. Auf Anfrage können auch mehrere Einheiten ec bloc gemietet resp. gekauft werden.</p><p>Die Nettogeschossfläche auf drei Stockwerken beträgt 163 m2. Für den Ausbau der Flächen liegen bewährte Konzepte vor (WC, Heizung/Kühlung, Malerarbeiten, Elektro-Grundverteilung). Bereits ausgebaute Einheiten sind ebenfalls verfügbar und können mit einem Aufschlag von lediglich CHF 175 pro Monat quasi schlüsselfertig gemietet werden.</p><p>Ein Parkplatz pro Einheit kann für CHF 50 / Monat gemietet werden.</p><p>Die Nebenkosten belaufen sich auf CHF 50 / Monat.</p><p>Gerne zeigen wir Ihnen dieses spannende und zweckmässige Konzept vor Ort.</p><p></p>","### Modulare Gewerbeflächen für diverse Nutzungen - GreenPlaces!

GreenPlaces ist ein modernes, modulares und ökologisch nachhaltiges Gewerbeparkkonzept, das lokalen KMU's und auch Start-Up's ermöglicht, Geschäftsflächen zu günstigen Konditionen zu mieten.

Zur Vermietung stehen einzelne als auch doppelte Einheiten. Auf Anfrage können auch mehrere Einheiten ec bloc gemietet resp. gekauft werden.

Die Nettogeschossfläche auf drei Stockwerken beträgt 163 m2. Für den Ausbau der Flächen liegen bewährte Konzepte vor (WC, Heizung/Kühlung, Malerarbeiten, Elektro-Grundverteilung). Bereits ausgebaute Einheiten sind ebenfalls verfügbar und können mit einem Aufschlag von lediglich CHF 175 pro Monat quasi schlüsselfertig gemietet werden.

Ein Parkplatz pro Einheit kann für CHF 50 / Monat gemietet werden.

Die Nebenkosten belaufen sich auf CHF 50 / Monat.

Gerne zeigen wir Ihnen dieses spannende und zweckmässige Konzept vor Ort.","ae2b1c84-b545-11ee-b1a8-0a4bde28e6f6","Commercial Space","Gewerbe","ab sofort",,,"163","https://casagateway.ch/media/provider-12797/property-1123165/5fddedc6700e565825f1f86dfcd49b4c.jpg?p=lg","https://casagateway.ch/media/provider-12797/property-1122617/5c2ec30f19c6eb7fced860bf0147544e.jpg?p=lg","https://casagateway.ch/media/provider-12797/property-1122617/07a495411c6fbece7a36b0f33afb5f30.jpg?p=lg","https://casagateway.ch/media/provider-12797/property-1122617/4ddf03d71df5e6039b59dd1432009b86.jpg?p=lg","https://casagateway.ch/media/provider-12797/property-1122617/0f1dfe1f0fac2d595a6f5a2dff9d36d4.jpg?p=lg","https://casagateway.ch/media/provider-12797/property-1122617/afdaf27f3e57107c06212b873e832e93.jpg?p=lg","https://casagateway.ch/media/provider-12797/property-1122617/59abe1ea78cf0bd00e2cbcd31eb79b34.jpg?p=lg","1700","https://casagateway.ch/media/provider-12797/property-1220301/6593feaad3ebf5a49aa16e1a3badbe9c.jpeg?p=lg",,,,,,
"18a","Bafflesstrasse","Altstätten","9450","Erstbezug - neue hochwertige Bürofläche","<h3>Altstätten</h3>
																								<p>Wir vermieten per sofort eine neue, hochwertig ausgebaute Bürofläche von 344 m2 im 1. OG. Die Flächen bestehen aus einem grossen Open Space Bereich mit einer Küche und getrennten WC's für Damen und Herren.&nbsp;</p><p>Aussenparkplätze (CHF 40/ Mt.) und Tiefgaragenparkplätze (CHF 120/ Mt.) können dazugemietet werden.</p><p>Der Nettomietzins beträgt CHF 170 m2pa.&nbsp;</p><p>Alle Beträge verstehen sich zzgl. gesetzlicher MwSt.</p><p>Gerne zeigen wir Ihnen diese vielfältig nutzbare Bürofläche vor Ort.</p>","### Erstbezug - neue hochwertige Bürofläche

### Altstätten

Wir vermieten per sofort eine neue, hochwertig ausgebaute Bürofläche von 344 m2 im 1. OG. Die Flächen bestehen aus einem grossen Open Space Bereich mit einer Küche und getrennten WC's für Damen und Herren. 

Aussenparkplätze (CHF 40/ Mt.) und Tiefgaragenparkplätze (CHF 120/ Mt.) können dazugemietet werden.

Der Nettomietzins beträgt CHF 170 m2pa. 

Alle Beträge verstehen sich zzgl. gesetzlicher MwSt.

Gerne zeigen wir Ihnen diese vielfältig nutzbare Bürofläche vor Ort.","afcb4e8c-6916-11ee-86bd-0a4bde28e6f6","Office Space","Gewerbe","ab sofort",,,"344","https://casagateway.ch/media/provider-12797/property-1306883/32fefe5deb05ab7d75ab405b8d393126.png?p=lg","https://casagateway.ch/media/provider-12797/property-1306883/004c31d840572544b1eb0373d0ff01ee.png?p=lg","https://casagateway.ch/media/provider-12797/property-1306883/407e7b242de3d234805840ce7135eb1b.png?p=lg","https://casagateway.ch/media/provider-12797/property-1306883/2dde2aeeba828c49f2864227d7052801.png?p=lg","https://casagateway.ch/media/provider-12797/property-1306883/f09a482840c2ea287a8bded0b913f82a.jpeg?p=lg","https://casagateway.ch/media/provider-12797/property-1306883/446b3a9b558506cfe103db8241323317.jpeg?p=lg","https://casagateway.ch/media/provider-12797/property-1306883/4554e8f61d144430d1561d51cab0ab4d.jpeg?p=lg","170",,,,,,,
"23","Blegistrasse","Baar","6340","Ausbaufähige Bürofläche mit viel Tageslicht!","<p></p><p>Die im 2.OG befindliche Bürofläche mit rund 398 m2 verfügt über äusserst viel Tageslicht und kann nach individuellen Wünschen ausgebaut werden.</p><p>Die Liegenschaft ist hervorragend erschlossen und der Autobahnanschluss befindet sich lediglich 1 Minute entfernt. Zudem ist Sihlbrugg mit dem Bus erreichbar. Die Bushaltestelle befindet sich unmittelbar vor dem Gebäude.</p><p>Aussenparkplätze sind zu CHF 50/Monat verfügbar und das Nebenkostenakonto beträgt ca. CHF 20/m2pa.</p><p>Gerne zeigen wir Ihnen die spannenden Möglichkeiten vor Ort.</p><p></p>","### Ausbaufähige Bürofläche mit viel Tageslicht!

Die im 2.OG befindliche Bürofläche mit rund 398 m2 verfügt über äusserst viel Tageslicht und kann nach individuellen Wünschen ausgebaut werden.

Die Liegenschaft ist hervorragend erschlossen und der Autobahnanschluss befindet sich lediglich 1 Minute entfernt. Zudem ist Sihlbrugg mit dem Bus erreichbar. Die Bushaltestelle befindet sich unmittelbar vor dem Gebäude.

Aussenparkplätze sind zu CHF 50/Monat verfügbar und das Nebenkostenakonto beträgt ca. CHF 20/m2pa.

Gerne zeigen wir Ihnen die spannenden Möglichkeiten vor Ort.","b43e4286-54e6-11ed-842e-005056bdbc06","Office Space","Gewerbe","ab sofort","2",,"398","https://casagateway.ch/media/provider-12797/property-1150204/c3a9cc4c1ccc68b6e55b40868b7eda5a.jpeg?p=lg","https://casagateway.ch/media/provider-12797/property-1150204/b8a2bb68498ac2a886d7a56de97055a4.jpg?p=lg","https://casagateway.ch/media/provider-12797/property-1150204/92c657a702c7122e13b9f1139d879cc4.jpg?p=lg","https://casagateway.ch/media/provider-12797/property-1150204/51a7ee2c39455b19c63e03ec0381ecbf.jpg?p=lg","https://casagateway.ch/media/provider-12797/property-1150203/aa9c2569948b1b26cee174583571b430.jpg?p=lg","https://casagateway.ch/media/provider-12797/property-1150204/44e324b1746e9860bf3149055c9b0058.jpeg?p=lg","https://casagateway.ch/media/provider-12797/property-1150204/a8c5f6e15daba4a37f31ed4e2672317a.jpeg?p=lg","120",,,,,,,
"33a","Stationsstrasse","Wangen-Brüttisellen","8306","Zwischennutzung -Ausgebaute Einzelbüros direkt an der Autobahn!","<p>In der Liegenschaft stehen verschiedene Räume in ähnlichen Grössen zur Verfügung (von 21 m2 bis 330 m2). Grundsätzlich sind die Ausbauten gleichwertig (Teppich, Fenster etc.). Alle Flächen haben Zugang zu allgemeinen WC's und zu einer Teeküche auf der Etage.</p><p>Die Liegenschaft an äusserst attraktiver Lage direkt an der Autobahnabfahrt Brüttisellen zeichnet sich ausserdem durch folgende Eigenschaften aus:</p><ul><li>Verschiedenste Teilflächen auf allen Etagen</li><li>Repräsentativer Empfangsbereich</li><li>Volle Infrastruktur</li><li>Ausreichend Parkplätze (aussen)</li><li>Top Visibilität</li><li>Bestes Preis-Leistungsverhältnis</li><li>Gute Erschliessung ÖV's (Bahnhof Dietlikon 500 m und Buslinie 796)</li><li>Restaurants im näheren Umfeld</li></ul><p>Zwischennutzung bis am 31.03.2027.</p><p>Im Monatspreis von CHF 669 sind bereits die Nebenkosten enthalten. Eine kleine Strompauschale von CHF 10 / Monat wird zusätzlich erhoben.</p><p>Parkplätze (aussen) können à CHF 100/Monat pro Stück gemietet werden.</p><p>Alle Beträge verstehen sich zuzgl. gesetzlicher MwSt.&nbsp;</p><p>Gerne zeigen wir Ihnen diese spannende Gelegenheit vor Ort.</p>","### Zwischennutzung -Ausgebaute Einzelbüros direkt an der Autobahn!

In der Liegenschaft stehen verschiedene Räume in ähnlichen Grössen zur Verfügung (von 21 m2 bis 330 m2). Grundsätzlich sind die Ausbauten gleichwertig (Teppich, Fenster etc.). Alle Flächen haben Zugang zu allgemeinen WC's und zu einer Teeküche auf der Etage.

Die Liegenschaft an äusserst attraktiver Lage direkt an der Autobahnabfahrt Brüttisellen zeichnet sich ausserdem durch folgende Eigenschaften aus:

*   Verschiedenste Teilflächen auf allen Etagen
*   Repräsentativer Empfangsbereich
*   Volle Infrastruktur
*   Ausreichend Parkplätze (aussen)
*   Top Visibilität
*   Bestes Preis-Leistungsverhältnis
*   Gute Erschliessung ÖV's (Bahnhof Dietlikon 500 m und Buslinie 796)
*   Restaurants im näheren Umfeld

Zwischennutzung bis am 31.03.2027.

Im Monatspreis von CHF 669 sind bereits die Nebenkosten enthalten. Eine kleine Strompauschale von CHF 10 / Monat wird zusätzlich erhoben.

Parkplätze (aussen) können à CHF 100/Monat pro Stück gemietet werden.

Alle Beträge verstehen sich zuzgl. gesetzlicher MwSt. 

Gerne zeigen wir Ihnen diese spannende Gelegenheit vor Ort.","b70400e0-1ef4-11ee-926d-0a4bde28e6f6","Office Space","Gewerbe","ab sofort",,"669","22","https://casagateway.ch/media/provider-12797/property-1273426/c8e918067b05cc74a52bc84d2fdff375.jpeg?p=lg","https://casagateway.ch/media/provider-12797/property-1273426/163df6a7d92274de4167dc14c5819e19.jpeg?p=lg","https://casagateway.ch/media/provider-12797/property-1273421/835ef478e67cced7d3cf0fd653411f9b.jpeg?p=lg","https://casagateway.ch/media/provider-12797/property-1187719/4ced371202816109301b6643f681a996.jpeg?p=lg","https://casagateway.ch/media/provider-12797/property-1273421/78c085c146f640d8e73c7d06ee92a485.jpeg?p=lg","https://casagateway.ch/media/provider-12797/property-1160049/c0b07f393133195324e88b6a93264df5.jpeg?p=lg","https://casagateway.ch/media/provider-12797/property-1273421/7398680ba4ac498ff49dd4d12e060c1f.jpeg?p=lg",,,,,,,,
"15","Hardhofstrasse","Embrach","8424","Büro- und Gewerbeflächen an der Hardhofstrasse 15/17, Embrach","<p>Wir vermieten per sofort eine Büro- und Gewerbefläche von 228 m2. Die Fläche ist voll ausgebaut und verfügt über eine Teeküche. Unterteilungen sind ebenfalls bereits vorhanden.&nbsp;</p><p>Die Bodenlast beträgt 500 kg/m2. Die Anlieferung im EG (überdacht) kann über einen Scherenhubtisch oder Anpassrampe erfolgen.</p><p>Tiefgaragenparkplätze stehen ausreichend zur Verfügung und können zu CHF 100.- pro Monat gemietet werden.</p><p>Das NK-Akonto beträgt CHF 25 m2pa.</p><p>Die Liegenschaft ist nicht optiert, daher wird keine MwSt. erhoben.</p><p>Gerne zeigen wir Ihnen diese spannende Möglichkeit vor Ort.</p>","### Büro- und Gewerbeflächen an der Hardhofstrasse 15/17, Embrach

Wir vermieten per sofort eine Büro- und Gewerbefläche von 228 m2. Die Fläche ist voll ausgebaut und verfügt über eine Teeküche. Unterteilungen sind ebenfalls bereits vorhanden. 

Die Bodenlast beträgt 500 kg/m2. Die Anlieferung im EG (überdacht) kann über einen Scherenhubtisch oder Anpassrampe erfolgen.

Tiefgaragenparkplätze stehen ausreichend zur Verfügung und können zu CHF 100.- pro Monat gemietet werden.

Das NK-Akonto beträgt CHF 25 m2pa.

Die Liegenschaft ist nicht optiert, daher wird keine MwSt. erhoben.

Gerne zeigen wir Ihnen diese spannende Möglichkeit vor Ort.","ba6b6e1c-b30b-11ee-b1a8-0a4bde28e6f6","Einzelhandel, Büro","Gewerbe","ab sofort",,,"228","https://casagateway.ch/media/provider-12797/property-1358875/faacfc2e49abfd795909f82e86a13c54.png?p=lg","https://casagateway.ch/media/provider-12797/property-1358875/14c4bf76fba567cfd2f2800b8f19ab93.png?p=lg","https://casagateway.ch/media/provider-12797/property-1209226/eb20612491190c4b1218f031d0ce0b8e.jpeg?p=lg","https://casagateway.ch/media/provider-12797/property-1358875/011bf1afb8df6f8e8855b31e382e049c.png?p=lg",,,,"116",,,,,,,
"3","Bahnhofstrasse","Berikon","8965","Bürofläche im Beri-Märt","<h3>Berikon</h3>
																								<p>Zu vermieten ist eine gut gelegene Bürofläche von 100 m²&nbsp; im 1. Obergeschoss über dem Beri-Märt in Berikon.</p><p>Die Fläche besteht auf einem grossen Openspace- Bereich sowie einer Teeküche und eigenen WC's.&nbsp;</p><p>Sowohl ein Personen- als auch Wartenlift ist vorhanden.</p><p>Für Ihre Besucher stehen in der Tiefgarage Parkplätze zur Verfügung.</p><p>Im Beri-Märkt finden Sie einen Coop und ein Restaurant zur Verpflegung, sowie weitere Geschäfte wie Coiffeur, Apotheke und Physiotherapie.</p><p>Gerne zeigen wir Ihnen diese spannende Gelegenheit vor Ort.</p>","### Bürofläche im Beri-Märt

### Berikon

Zu vermieten ist eine gut gelegene Bürofläche von 100 m²  im 1. Obergeschoss über dem Beri-Märt in Berikon.

Die Fläche besteht auf einem grossen Openspace- Bereich sowie einer Teeküche und eigenen WC's. 

Sowohl ein Personen- als auch Wartenlift ist vorhanden.

Für Ihre Besucher stehen in der Tiefgarage Parkplätze zur Verfügung.

Im Beri-Märkt finden Sie einen Coop und ein Restaurant zur Verpflegung, sowie weitere Geschäfte wie Coiffeur, Apotheke und Physiotherapie.

Gerne zeigen wir Ihnen diese spannende Gelegenheit vor Ort.","ba8ca5a8-f1b3-11ee-afda-0a4bde28e6f6","Office Space","Gewerbe","ab sofort","1",,"100","https://casagateway.ch/media/provider-12797/property-1400222/a56f55b8ac75b6babe0d339d05aecb53.png?p=lg","https://casagateway.ch/media/provider-12797/property-1356679/77515b274b976dc075f522c6315683e8.png?p=lg",,,,,,"220",,,,,,,
"7","Ringstrasse","Schwerzenbach","8603","Helle, renovierte Einzelbüros - unweit des Bahnhofs!","<p>Per sofort stehen im 3.Obergeschoss auch Einzel-/Doppelbüros zur Verfügung. Folgende Grössen sind verfügbar:</p><ul><li>Büro 6 -&nbsp;39 m2</li><li>Büro 7 -&nbsp;39 m2</li><li>Büro 8 -&nbsp;39 m2</li></ul><p>Die Büroflächen zeichnen sich durch folgende Features aus:</p><ul><li>Bodenbelag neu (Teppich mit Laminat)</li><li>Frisch gestrichen</li><li>WC's und Dusche zur Mitbenutzung</li><li>Bahnhof Schwerzenbach unweit</li><li>Besucherparkplätze vor dem Gebäude</li></ul><p>Aussenparkplätze auf Anfrage à CHF 85 / Monat.</p><p>Im monatlichen Bruttomietzins ist das Nebenkosten-Akonto bereits enthalten.</p><p>Eine kleine Strompauschale in Höhe von CHF 5 pro m2pa wird zusätzlich erhoben, ebenso wie die gesetzliche MwSt. auf alle Beträge.</p><p>Gerne zeigen wir Ihnen diese spannenden Einzelräume vor Ort.</p>","### Helle, renovierte Einzelbüros - unweit des Bahnhofs!

Per sofort stehen im 3.Obergeschoss auch Einzel-/Doppelbüros zur Verfügung. Folgende Grössen sind verfügbar:

*   Büro 6 - 39 m2
*   Büro 7 - 39 m2
*   Büro 8 - 39 m2

Die Büroflächen zeichnen sich durch folgende Features aus:

*   Bodenbelag neu (Teppich mit Laminat)
*   Frisch gestrichen
*   WC's und Dusche zur Mitbenutzung
*   Bahnhof Schwerzenbach unweit
*   Besucherparkplätze vor dem Gebäude

Aussenparkplätze auf Anfrage à CHF 85 / Monat.

Im monatlichen Bruttomietzins ist das Nebenkosten-Akonto bereits enthalten.

Eine kleine Strompauschale in Höhe von CHF 5 pro m2pa wird zusätzlich erhoben, ebenso wie die gesetzliche MwSt. auf alle Beträge.

Gerne zeigen wir Ihnen diese spannenden Einzelräume vor Ort.","bb2d85e5-007a-11ee-926d-0a4bde28e6f6","Office Space","Gewerbe","ab sofort","3","740","39","https://casagateway.ch/media/provider-12797/property-1214910/dd793723e76e9c2b41bafd77fbfd2281.jpeg?p=lg","https://casagateway.ch/media/provider-12797/property-1214910/c468e55905595fe7f0a38a344bb67e92.jpeg?p=lg","https://casagateway.ch/media/provider-12797/property-1214910/6a49ba525758cfe884b48a5e9ff1dbd8.jpeg?p=lg","https://casagateway.ch/media/provider-12797/property-1214910/c409970981e61b418e384489e5ba44ac.jpeg?p=lg","https://casagateway.ch/media/provider-12797/property-1214910/2e5f4baf75932d454ed3edf76531e927.jpeg?p=lg","https://casagateway.ch/media/provider-12797/property-1214910/1e16a981e072227419afc6c70ab8c98d.jpeg?p=lg","https://casagateway.ch/media/provider-12797/property-1214910/0379517867ae6bfe5514b18f284ad62a.png?p=lg",,"https://casagateway.ch/media/provider-12797/property-1214910/73dc6bdd9356866145566d8fd151c8f2.jpeg?p=lg","https://casagateway.ch/media/provider-12797/property-1214910/6b54633ed602a859ad40267f29a52916.jpeg?p=lg","https://casagateway.ch/media/provider-12797/property-1214910/0518f5bacd12e875ed9861929120b422.jpeg?p=lg","https://casagateway.ch/media/provider-12797/property-1162157/813be4d430537c806e4301a68908775d.jpeg?p=lg",,,
"30","Europa-Strasse","Opfikon","8152","Klimatisierte Bürofläche – sehr gut gelegen und voll ausgebaut!","<h3>Klimatisierte Bürofläche – sehr gut gelegen und voll ausgebaut!</h3>
																								<p>Per sofort oder nach Vereinbarung vermieten wir eine voll ausgebaute und klimatisierte Bürofläche im Erdgeschoss, welche über sämtliche Infrastruktur verfügt,&nbsp; die ein moderner Arbeitsplatz benötigt.&nbsp;</p><p>Das Layout der Fläche bietet bereits:</p><ul><li>Klimatisierung</li><li>Einzelbüros</li><li>Sitzungszimmer</li><li>Open Space</li><li>Netzwerkverkabelung</li><li>Empfang mit Teeküche</li><li>Eigene WC’s</li><li>Deckenhöhe: ca. 4 m</li></ul><p>Extra: Für langfristige Mietinteressenten kann der Boden in der gesamten Fläche neu verlegt werden.</p><p>Zudem liegt die Liegenschaft zw. Bahnhof Glattbrugg und den Tramlinien 10/12 (Haltestelle Bäuler) und ist daher sehr gut mit den öffentlichen Verkehrsmitteln erreichbar. Der Autobahnanschluss ZH-Seebach ist ca. 2 min entfernt und ein weiteres Plus für diesen Standort.</p><p>Das NK-Akonto beträgt CHF 20-25 m2pa.</p><p>Aussenstellplätze können zu CHF 120 / Monat gemietet werden.</p><p>Alle Beträge zzgl. MwSt. 8.1 %.</p><p>Gerne zeigen wir Ihnen diese attraktive Mietfläche vor Ort.</p>","### Klimatisierte Bürofläche – sehr gut gelegen und voll ausgebaut!

### Klimatisierte Bürofläche – sehr gut gelegen und voll ausgebaut!

Per sofort oder nach Vereinbarung vermieten wir eine voll ausgebaute und klimatisierte Bürofläche im Erdgeschoss, welche über sämtliche Infrastruktur verfügt,  die ein moderner Arbeitsplatz benötigt. 

Das Layout der Fläche bietet bereits:

*   Klimatisierung
*   Einzelbüros
*   Sitzungszimmer
*   Open Space
*   Netzwerkverkabelung
*   Empfang mit Teeküche
*   Eigene WC’s
*   Deckenhöhe: ca. 4 m

Extra: Für langfristige Mietinteressenten kann der Boden in der gesamten Fläche neu verlegt werden.

Zudem liegt die Liegenschaft zw. Bahnhof Glattbrugg und den Tramlinien 10/12 (Haltestelle Bäuler) und ist daher sehr gut mit den öffentlichen Verkehrsmitteln erreichbar. Der Autobahnanschluss ZH-Seebach ist ca. 2 min entfernt und ein weiteres Plus für diesen Standort.

Das NK-Akonto beträgt CHF 20-25 m2pa.

Aussenstellplätze können zu CHF 120 / Monat gemietet werden.

Alle Beträge zzgl. MwSt. 8.1 %.

Gerne zeigen wir Ihnen diese attraktive Mietfläche vor Ort.","..(6428522)","Office Space","Gewerbe","ab sofort",,,"394","https://casagateway.ch/media/provider-12797/property-1358592/bc335a63b12918ccd98facf6425e4cbf.jpeg?p=lg","https://casagateway.ch/media/provider-12797/property-1358592/8c5905880686e48f36826183fb800c91.jpeg?p=lg","https://casagateway.ch/media/provider-12797/property-1358592/1542a22dbfddea6313bdb13b44972bca.jpeg?p=lg","https://casagateway.ch/media/provider-12797/property-1358592/4dd9295273f2518bf6dbdb443b8c52f0.jpeg?p=lg","https://casagateway.ch/media/provider-12797/property-1358592/72f7f5f7edb49eebfac62a575d44e89c.jpeg?p=lg","https://casagateway.ch/media/provider-12797/property-1358592/2795cd59e6030ab9f4c205e803fc087f.jpeg?p=lg","https://casagateway.ch/media/provider-12797/property-1358592/c1945941acf8f2c4d981bc97dc0ce456.jpeg?p=lg","220","https://casagateway.ch/media/provider-12797/property-1358592/cd43f148218afccdf9432e291017cd79.jpeg?p=lg","https://casagateway.ch/media/provider-12797/property-1358592/08a16c657f49b9c2f04c8303381cb62d.jpeg?p=lg","https://casagateway.ch/media/provider-12797/property-1358592/fbe77605b746490e6188df73fadc0250.jpeg?p=lg","https://casagateway.ch/media/provider-12797/property-1358592/4d04fdd26b8b476fbf41831443a3563f.jpeg?p=lg","https://casagateway.ch/media/provider-12797/property-1358592/f31a70b999257746b80350ce32d6d1cc.jpeg?p=lg",,
"6A","Chaltenbodenstrasse","Feusisberg","8834","Spannende EG-Laden-/Gewerbe-/Gastrofläche mit sehr guter Visibilität!","<p></p><p>Die sehr gut ersichtliche Gewerbefläche kann sowohl als Ladenfläche, als auch als Dienstleistungsfläche oder wieder als Restaurant genutzt werden. Die Eigentümerin, eine namhafte Asset Managerin ist offen für verschiedenste Szenarien.</p><p>Das NK-Akonto beträgt CHF 30 m2pa.</p><p>Aussenparkplätze EG können für CHF 80 / Monat, Aussenparkplätze DG für CHF 50 / Monat und Parkplätze in der Tiefgarage für CHF 120 / Mo</p><p>Gerne zeigen wir Ihnen die spannenden Möglichkeiten dieser attraktiv gelegenen Gewerbefläche vor Ort.</p><p></p>","### Spannende EG-Laden-/Gewerbe-/Gastrofläche mit sehr guter Visibilität!

Die sehr gut ersichtliche Gewerbefläche kann sowohl als Ladenfläche, als auch als Dienstleistungsfläche oder wieder als Restaurant genutzt werden. Die Eigentümerin, eine namhafte Asset Managerin ist offen für verschiedenste Szenarien.

Das NK-Akonto beträgt CHF 30 m2pa.

Aussenparkplätze EG können für CHF 80 / Monat, Aussenparkplätze DG für CHF 50 / Monat und Parkplätze in der Tiefgarage für CHF 120 / Mo

Gerne zeigen wir Ihnen die spannenden Möglichkeiten dieser attraktiv gelegenen Gewerbefläche vor Ort.","010002..(5998437)","Commercial Space","Gewerbe","ab sofort",,,"218","https://casagateway.ch/media/provider-12797/property-914728/c3b4856c4a7b0066b4a3dd3cf8ce8906.jpg?p=lg","https://casagateway.ch/media/provider-12797/property-914728/5d36bdf9eb853ea63ded05d4686e2cf5.jpg?p=lg","https://casagateway.ch/media/provider-12797/property-914728/8dfb80da1696c69974b7b0762afbfbb2.jpg?p=lg","https://casagateway.ch/media/provider-12797/property-914728/54cf7f81c65d7329af61f8dae0d389e1.jpg?p=lg","https://casagateway.ch/media/provider-12797/property-914728/d4e785f96d54e38f44bd06b1b79b4456.jpg?p=lg","https://casagateway.ch/media/provider-12797/property-914728/b44a9419a56a8aa44264ff6ad6248fbb.jpg?p=lg","https://casagateway.ch/media/provider-12797/property-914728/e90950372bfdcf78c599d96e1735ad29.jpg?p=lg","155","https://casagateway.ch/media/provider-12797/property-914728/c98719831380ea3f87f07d95fa5149b9.jpg?p=lg",,,,,,
"146","Althardstrasse","Regensdorf","8105","Zweckmässiges Einzelbüro nahe Grütpark Regensdorf","<p>Zur Vermietung stehen in dieser autobahnnahen Liegenschaft verschiedene Büros und Gewerberäume in den Grössen 25 m2, 50 m2 und grösser - bis hin zu ganzen Etagen à 580 m2.</p><p>Die Mietflächen verfügen über unterschiedliche Beschaffenheiten. Im Grundsatz enthalten sie jedoch folgende Ausbauten:</p><ul><li>Bodenbelag</li><li>Grundbeleuchtung</li><li>Elektrische Storen</li></ul><p>Im näheren Umfeld ist vor allem der Grütpark zu erwähnen. Dort findet man alle Güter des täglichen Bedarfs. Zudem bestehen verschiedene Verpflegungsmöglichkeiten im gesamten Industriequartier.</p><p>Das Nebenkostenakonto beträgt ca. CHF 25-30 m2pa.&nbsp;</p><p>Aussenparkplätze können je nach Verfügbarkeit und Verhältnis zur Mietfläche zu CHF 60 pro Monat gemietet werden.</p><p>Gerne zeigen wir Ihnen die verschiedenen Möglichkeiten vor Ort.</p>","### Zweckmässiges Einzelbüro nahe Grütpark Regensdorf

Zur Vermietung stehen in dieser autobahnnahen Liegenschaft verschiedene Büros und Gewerberäume in den Grössen 25 m2, 50 m2 und grösser - bis hin zu ganzen Etagen à 580 m2.

Die Mietflächen verfügen über unterschiedliche Beschaffenheiten. Im Grundsatz enthalten sie jedoch folgende Ausbauten:

*   Bodenbelag
*   Grundbeleuchtung
*   Elektrische Storen

Im näheren Umfeld ist vor allem der Grütpark zu erwähnen. Dort findet man alle Güter des täglichen Bedarfs. Zudem bestehen verschiedene Verpflegungsmöglichkeiten im gesamten Industriequartier.

Das Nebenkostenakonto beträgt ca. CHF 25-30 m2pa. 

Aussenparkplätze können je nach Verfügbarkeit und Verhältnis zur Mietfläche zu CHF 60 pro Monat gemietet werden.

Gerne zeigen wir Ihnen die verschiedenen Möglichkeiten vor Ort.","c0aaad2c-0567-11ef-afda-0a4bde28e6f6","Office Space","Gewerbe","ab sofort","2",,"25","https://casagateway.ch/media/provider-12797/property-1412854/8790ff6b4792ded58600a0b205233bca.jpeg?p=lg","https://casagateway.ch/media/provider-12797/property-1412854/c419ffa60b570758a64f4ae891ff5f45.jpeg?p=lg","https://casagateway.ch/media/provider-12797/property-1412854/5046f15fd755a9a448e089aac1c54eb3.jpeg?p=lg","https://casagateway.ch/media/provider-12797/property-1412854/c288695f7b9558b1febcd88326abba37.jpeg?p=lg","https://casagateway.ch/media/provider-12797/property-1412854/fcb793f6febc0353b1589d957f66fbbf.jpeg?p=lg","https://casagateway.ch/media/provider-12797/property-1412854/6e3a6bf1fc6c7bb1f40d7db82325df35.jpeg?p=lg",,"140",,,,,,,
"23","Steinackerstrasse","Kloten","8302","Ausgebautes und bezugsbereites Büro mit mehreren Einzelräumen!","<p>Zur Vermietung steht eine gut erhaltene Bürofläche mit</p><ul><li>ausgebauter Küche</li><li>Unterteilungen (insgesamt sieben Räume)</li><li>drei Räume mit Wasseranschluss</li><li>Akustikdecke mit Beleuchtung</li><li>Bodenbelag Teppich</li></ul><p>Die Lage im Steinackerquartier in Kloten kann kaum besser sein. Die Autobahn ist in 5 Minuten erreichbar. Nahversorgung besteht im näheren Umfeld.</p><p>Das NK-Akonto beträgt CHF 25 m2pa.</p><p>Gerne zeigen wir Ihnen die verschiedenen Möglichkeiten vor Ort.</p>","### Ausgebautes und bezugsbereites Büro mit mehreren Einzelräumen!

Zur Vermietung steht eine gut erhaltene Bürofläche mit

*   ausgebauter Küche
*   Unterteilungen (insgesamt sieben Räume)
*   drei Räume mit Wasseranschluss
*   Akustikdecke mit Beleuchtung
*   Bodenbelag Teppich

Die Lage im Steinackerquartier in Kloten kann kaum besser sein. Die Autobahn ist in 5 Minuten erreichbar. Nahversorgung besteht im näheren Umfeld.

Das NK-Akonto beträgt CHF 25 m2pa.

Gerne zeigen wir Ihnen die verschiedenen Möglichkeiten vor Ort.","c1bc63f4-9a9a-11ee-b1a8-0a4bde28e6f6","Office Space","Gewerbe","ab sofort","2",,"251","https://casagateway.ch/media/provider-12797/property-1346888/621f8eaa79e4c5e45a94f4442b83ab1f.jpeg?p=lg","https://casagateway.ch/media/provider-12797/property-1346888/a3783a294fc09ed7e0c4e82033eb1a37.jpeg?p=lg","https://casagateway.ch/media/provider-12797/property-1346888/61e0af15d635fb7976510e3ca0c93aa8.jpeg?p=lg","https://casagateway.ch/media/provider-12797/property-1346888/a5648b607ccba1144c18175e5ce1e407.jpeg?p=lg","https://casagateway.ch/media/provider-12797/property-1346888/bc36e567303b01dc9f796b08a97ac9e5.jpeg?p=lg","https://casagateway.ch/media/provider-12797/property-1346888/c28c8aa2634919e8c662c33715ffa202.jpeg?p=lg","https://casagateway.ch/media/provider-12797/property-1346888/ee0db84876f8ca8edc132833b8ecb215.jpeg?p=lg","140","https://casagateway.ch/media/provider-12797/property-1346888/1c152c6dbf9b659b915ee19b34ea1b16.png?p=lg",,,,,,
"146","Althardstrasse","Regensdorf","8105","Zweckmässige Gewerbeflächen nahe Grütpark Regensdorf","<p>Zur Vermietung stehen in dieser autobahnnahen Liegenschaft verschiedene Büros und Gewerberäume in den Grössen 25 m2, 50 m2 und grösser - bis hin zu ganzen Etagen à 580 m2.</p><p>Die Mietflächen verfügen über unterschiedliche Beschaffenheiten. Im Grundsatz enthalten sie jedoch folgende Ausbauten:</p><ul><li>Bodenbelag</li><li>Grundbeleuchtung</li><li>Elektrische Storen</li></ul><p>Im näheren Umfeld ist vor allem der Grütpark zu erwähnen. Dort findet man alle Güter des täglichen Bedarfs. Zudem bestehen verschiedene Verpflegungsmöglichkeiten im gesamten Industriequartier.</p><p>Das Nebenkostenakonto beträgt ca. CHF 25-30 m2pa.&nbsp;</p><p>Aussenparkplätze können je nach Verfügbarkeit und Verhältnis zur Mietfläche zu CHF 60 pro Monat gemietet werden.</p><p>Gerne zeigen wir Ihnen die verschiedenen Möglichkeiten vor Ort.</p>","### Zweckmässige Gewerbeflächen nahe Grütpark Regensdorf

Zur Vermietung stehen in dieser autobahnnahen Liegenschaft verschiedene Büros und Gewerberäume in den Grössen 25 m2, 50 m2 und grösser - bis hin zu ganzen Etagen à 580 m2.

Die Mietflächen verfügen über unterschiedliche Beschaffenheiten. Im Grundsatz enthalten sie jedoch folgende Ausbauten:

*   Bodenbelag
*   Grundbeleuchtung
*   Elektrische Storen

Im näheren Umfeld ist vor allem der Grütpark zu erwähnen. Dort findet man alle Güter des täglichen Bedarfs. Zudem bestehen verschiedene Verpflegungsmöglichkeiten im gesamten Industriequartier.

Das Nebenkostenakonto beträgt ca. CHF 25-30 m2pa. 

Aussenparkplätze können je nach Verfügbarkeit und Verhältnis zur Mietfläche zu CHF 60 pro Monat gemietet werden.

Gerne zeigen wir Ihnen die verschiedenen Möglichkeiten vor Ort.","c1e9e284-056b-11ef-afda-0a4bde28e6f6","Office Space","Gewerbe","ab sofort","2",,"75","https://casagateway.ch/media/provider-12797/property-1412854/8790ff6b4792ded58600a0b205233bca.jpeg?p=lg","https://casagateway.ch/media/provider-12797/property-1412854/c419ffa60b570758a64f4ae891ff5f45.jpeg?p=lg","https://casagateway.ch/media/provider-12797/property-1412854/5046f15fd755a9a448e089aac1c54eb3.jpeg?p=lg","https://casagateway.ch/media/provider-12797/property-1412854/c288695f7b9558b1febcd88326abba37.jpeg?p=lg","https://casagateway.ch/media/provider-12797/property-1412854/fcb793f6febc0353b1589d957f66fbbf.jpeg?p=lg","https://casagateway.ch/media/provider-12797/property-1412854/6e3a6bf1fc6c7bb1f40d7db82325df35.jpeg?p=lg",,"140",,,,,,,
"14","Sternenfeldstrasse","Birsfelden","4127","Voll ausgebaute Bürofläche mit Unterteilungen, Teeküche etc.","<p>Die im 3.OG befindliche Bürofläche ist voll ausgebaut, äusserst hell und verfügt über diverse Abtrennungen. Eine Teeküche mit kleinem Pausenraum gehört ebenfalls zum Ausbau wie die bereits bestehende IT-Verkabelung mit Rack. Abgetrennt sind zwei Einzelbüros und ein kleines Sitzungszimmer.</p><p>Das Nebenkostenakonto beträgt CHF 20 m2pa.</p><p>Parkplätze Tiefgarage zu CHF 105 / Monat auf Anfrage.</p><p>Alle Preisangaben zzgl. gesetzlicher MwSt.&nbsp;</p><p>Gerne zeigen wir Ihnen diese spannende Gelegenheit vor Ort.</p>","### Voll ausgebaute Bürofläche mit Unterteilungen, Teeküche etc.

Die im 3.OG befindliche Bürofläche ist voll ausgebaut, äusserst hell und verfügt über diverse Abtrennungen. Eine Teeküche mit kleinem Pausenraum gehört ebenfalls zum Ausbau wie die bereits bestehende IT-Verkabelung mit Rack. Abgetrennt sind zwei Einzelbüros und ein kleines Sitzungszimmer.

Das Nebenkostenakonto beträgt CHF 20 m2pa.

Parkplätze Tiefgarage zu CHF 105 / Monat auf Anfrage.

Alle Preisangaben zzgl. gesetzlicher MwSt. 

Gerne zeigen wir Ihnen diese spannende Gelegenheit vor Ort.","..(6309520)","Office Space","Gewerbe","ab sofort","3",,"227","https://casagateway.ch/media/provider-12797/property-1378158/08341808fef456985d46191e335b72da.png?p=lg","https://casagateway.ch/media/provider-12797/property-1293017/b9c41b11af8e60eadb28e99489666176.jpeg?p=lg","https://casagateway.ch/media/provider-12797/property-1293017/4312ea9c455865a90444ca68c6a75dfb.jpeg?p=lg","https://casagateway.ch/media/provider-12797/property-1293017/c92e8f6bc464028378987c9b8838d9ff.jpeg?p=lg","https://casagateway.ch/media/provider-12797/property-1293017/ebbd74b9111020b1cfc9bf8dc184aca3.jpeg?p=lg","https://casagateway.ch/media/provider-12797/property-1293017/478604874cb3f6f10e394be7a978f806.jpeg?p=lg","https://casagateway.ch/media/provider-12797/property-1293017/58b784757942428b5131c8be1e0f7302.jpeg?p=lg","150","https://casagateway.ch/media/provider-12797/property-1293017/948c49f626b488bc61436c2610d99c5b.jpeg?p=lg","https://casagateway.ch/media/provider-12797/property-1293017/8e1cb1751a41ec5d8b4adb59f00bb534.jpeg?p=lg","https://casagateway.ch/media/provider-12797/property-1293017/eedd6afa0ec7ce0bcb31c737dfc7454d.jpeg?p=lg","https://casagateway.ch/media/provider-12797/property-1293017/6e8faf4f1ca49fc1da86e44363f33d71.jpeg?p=lg","https://casagateway.ch/media/provider-12797/property-1293017/31d8b938f51b1663d8becbd497dc385b.png?p=lg",,
"14","Sternenfeldstrasse","Birsfelden","4127","Äusserst helles Eckbüro mit Sicht über Basel!","<p>Die im 4.OG befindliche Bürofläche verfügt über äusserst viel Tageslicht und befindet sich in einem guten Zustand.&nbsp;Aufgrund der Ecklage kann eine Fläche mit 157 m2 kaum heller sein.</p><p>Unterteilungen sind gut realisierbar, bspw. für einen Sitzungsraum. Elektroverteilung verläuft im Brüstungskanal.&nbsp;</p><p>Die Autobahnauffahrt befindet sich in unmittelbarer Nähe (1 min).</p><p>Das Nebenkostenakonto beträgt CHF 20 m2pa.</p><p>Parkplätze sind auf Anfrage in der Tiefgarage zu CHF 105 / Monat verfügbar.</p><p>Alle Preisangaben zzgl. MwSt. 8.1 %.</p><p>Gerne zeigen wir Ihnen diese spannende Gelegenheit vor Ort.</p>","### Äusserst helles Eckbüro mit Sicht über Basel!

Die im 4.OG befindliche Bürofläche verfügt über äusserst viel Tageslicht und befindet sich in einem guten Zustand. Aufgrund der Ecklage kann eine Fläche mit 157 m2 kaum heller sein.

Unterteilungen sind gut realisierbar, bspw. für einen Sitzungsraum. Elektroverteilung verläuft im Brüstungskanal. 

Die Autobahnauffahrt befindet sich in unmittelbarer Nähe (1 min).

Das Nebenkostenakonto beträgt CHF 20 m2pa.

Parkplätze sind auf Anfrage in der Tiefgarage zu CHF 105 / Monat verfügbar.

Alle Preisangaben zzgl. MwSt. 8.1 %.

Gerne zeigen wir Ihnen diese spannende Gelegenheit vor Ort.","..(6438877)","Office Space","Gewerbe","ab sofort","4",,"157","https://casagateway.ch/media/provider-12797/property-1378158/08341808fef456985d46191e335b72da.png?p=lg","https://casagateway.ch/media/provider-12797/property-914740/b0f3b6f8e9137e5f0b8abbff69e78468.jpg?p=lg","https://casagateway.ch/media/provider-12797/property-1361180/9fb81b624675772eec58a06f3cb4efa6.jpeg?p=lg","https://casagateway.ch/media/provider-12797/property-1361180/108725a24479f5b31e0caf157e2e2876.jpeg?p=lg","https://casagateway.ch/media/provider-12797/property-1361180/3cf768e0fadf085b62afea7f1e76b320.jpeg?p=lg","https://casagateway.ch/media/provider-12797/property-1361180/8ec2813a5b9799c05064b3a605006f20.jpeg?p=lg","https://casagateway.ch/media/provider-12797/property-1361180/9a5dfd719896c5b34dc9ad6d0d45a6c6.jpeg?p=lg","155","https://casagateway.ch/media/provider-12797/property-914740/6c6a114bd5e4c6fba20eb105cee7270e.jpg?p=lg","https://casagateway.ch/media/provider-12797/property-1378158/dfbfa29298aa9ce9f8dd358c3aadc2b8.jpeg?p=lg","https://casagateway.ch/media/provider-12797/property-914736/a5992870cae12359810e1783192bab4e.jpg?p=lg",,,,
"14","Sternenfeldstrasse","Birsfelden","4127","Voll ausgebaute Gewerbe-/Bürofläche mit DU/WC und Teeküche","<p>Die im 3.OG befindliche Gewerbe-/Bürofläche ist voll ausgebaut. Die Fläche ist aufgrund der guten Zugänglichkeit vom Warenlift und einer grossen doppelflügligen Eingangstüre vielseitig nutzbar und verfügt über ein eigenes WC mit Dusche und eine Teeküche. Zudem hat die Mieterin quasi direkten Zugang zur Innenterrasse.</p><p>Masse Türe zum Mietobjekt B 1.5 m x H 2.5 m</p><p>Masse Warenlift B 2.1m x T 2.2 m x H 2.3 m</p><p>Masse Eingangstor bei Warenlift B 2.8 m x H 3.3 m</p><p>Das Nebenkostenakonto beträgt CHF 20 m2pa.</p><p>Parkplätze Tiefgarage zu CHF 105 / Monat auf Anfrage.</p><p>Alle Preisangaben zzgl. gesetzlicher MwSt.&nbsp;</p><p>Gerne zeigen wir Ihnen diese spannende Gelegenheit vor Ort.</p>","### Voll ausgebaute Gewerbe-/Bürofläche mit DU/WC und Teeküche

Die im 3.OG befindliche Gewerbe-/Bürofläche ist voll ausgebaut. Die Fläche ist aufgrund der guten Zugänglichkeit vom Warenlift und einer grossen doppelflügligen Eingangstüre vielseitig nutzbar und verfügt über ein eigenes WC mit Dusche und eine Teeküche. Zudem hat die Mieterin quasi direkten Zugang zur Innenterrasse.

Masse Türe zum Mietobjekt B 1.5 m x H 2.5 m

Masse Warenlift B 2.1m x T 2.2 m x H 2.3 m

Masse Eingangstor bei Warenlift B 2.8 m x H 3.3 m

Das Nebenkostenakonto beträgt CHF 20 m2pa.

Parkplätze Tiefgarage zu CHF 105 / Monat auf Anfrage.

Alle Preisangaben zzgl. gesetzlicher MwSt. 

Gerne zeigen wir Ihnen diese spannende Gelegenheit vor Ort.","..(6309520)","Commercial Space","Gewerbe","ab sofort","3",,"125","https://casagateway.ch/media/provider-12797/property-1282760/e2859ce38f5aa75450965de451917298.jpeg?p=lg","https://casagateway.ch/media/provider-12797/property-1282760/bf7b581b078a62de91f507c3416fb0b0.jpeg?p=lg","https://casagateway.ch/media/provider-12797/property-1282760/4da3b5689db0a39dabc2dd248767efcd.jpeg?p=lg","https://casagateway.ch/media/provider-12797/property-1282760/62e5235eb1962b3c7bd28e3f6c3aec48.jpeg?p=lg","https://casagateway.ch/media/provider-12797/property-1282760/f438bbad5d8b9d7103928d3bc6c7f870.jpeg?p=lg","https://casagateway.ch/media/provider-12797/property-1282760/c272cae8f78f42eaa31960bec39d6a77.jpeg?p=lg","https://casagateway.ch/media/provider-12797/property-1282760/d85458411198fae2abb50751e35650ea.jpeg?p=lg","170","https://casagateway.ch/media/provider-12797/property-1282760/f504efa9e794e1c79ff83d2fd0410cf9.jpeg?p=lg","https://casagateway.ch/media/provider-12797/property-1282760/b7884ccee5a357f7fe8ef1f23ee82555.jpeg?p=lg","https://casagateway.ch/media/provider-12797/property-1378158/08341808fef456985d46191e335b72da.png?p=lg","https://casagateway.ch/media/provider-12797/property-1282760/01845e50de0efd3d9d8ff7b5706f711d.jpeg?p=lg",,,
"15","Oberfeld","Root","6037","Für Handwerker und Gewerbler ebenerdig zugänglich!","<p>Perfekt für Handwerker, die eine ebenerdige Gewerbefläche suchen.</p><p>Die Flächen zeichnen sich durch folgende Eigenschaften aus:</p><ul><li>Ebenerdiger Zugang</li><li>Installation Tor möglich</li><li>3 m Deckenhöhe</li><li>Parking direkt vor der Türe</li><li>Zufahrt 2.8 m mit 3.5t</li><li>Anlieferung über Warenlift (2'000 kg Traglast) möglich</li><li>500 kg Bodenlast</li><li>Autobahn in 2 Minuten erreichbar (Buchrain)</li><li>Diverse Lagermöglichkeiten im Untergeschoss</li></ul><p>Das NK-Akonto beträgt CHF 20 m2pa.</p><p>Innen- und Aussenparkplätze vorhanden (CHF 60 resp. CHF 140 pro Monat).</p><p>Alle Beträge verstehen sich zzgl. gesetzlicher MwSt.</p><p>Gerne zeigen wir Ihnen diese spannende Möglichkeit vor Ort.</p>","### Für Handwerker und Gewerbler ebenerdig zugänglich!

Perfekt für Handwerker, die eine ebenerdige Gewerbefläche suchen.

Die Flächen zeichnen sich durch folgende Eigenschaften aus:

*   Ebenerdiger Zugang
*   Installation Tor möglich
*   3 m Deckenhöhe
*   Parking direkt vor der Türe
*   Zufahrt 2.8 m mit 3.5t
*   Anlieferung über Warenlift (2'000 kg Traglast) möglich
*   500 kg Bodenlast
*   Autobahn in 2 Minuten erreichbar (Buchrain)
*   Diverse Lagermöglichkeiten im Untergeschoss

Das NK-Akonto beträgt CHF 20 m2pa.

Innen- und Aussenparkplätze vorhanden (CHF 60 resp. CHF 140 pro Monat).

Alle Beträge verstehen sich zzgl. gesetzlicher MwSt.

Gerne zeigen wir Ihnen diese spannende Möglichkeit vor Ort.","c6c22c3b-df45-11ed-926d-0a4bde28e6f6","Commercial Space","Gewerbe","ab sofort",,,"975","https://casagateway.ch/media/provider-12797/property-1170147/1de878c311c971bceb4328cdbd21610b.jpeg?p=lg","https://casagateway.ch/media/provider-12797/property-1170147/e3de4e39c7e2b600b55968f5b3a479d7.jpeg?p=lg","https://casagateway.ch/media/provider-12797/property-1170147/6e7f2c89b429a9ed99f4dac770c583da.jpeg?p=lg","https://casagateway.ch/media/provider-12797/property-1102454/f97fb96470f1f9c76621e3bce4a22d2d.jpg?p=lg","https://casagateway.ch/media/provider-12797/property-1102454/c080646abf5d7d28c4bb7a9da5e79020.jpg?p=lg","https://casagateway.ch/media/provider-12797/property-1102454/a8ba613cb034b738875bbefc6cd49d83.jpg?p=lg","https://casagateway.ch/media/provider-12797/property-1102454/e1c93b350810e1235ceaf78c96b9aed1.jpg?p=lg","145",,,,,,,
"2","Wattwerkstrasse","Bubendorf","4416","GreenPlaces - Modulare Gewerbeeinheiten (ausgebaut) für diverse Nutzungen!","<p>GreenPlaces ist ein modernes, modulares und ökologisch nachhaltiges Gewerbeparkkonzept, das lokalen KMU's und auch Start-Up's ermöglicht, Geschäftsflächen zu günstigen Konditionen zu mieten.</p><p>Zur Vermietung stehen einzelne als auch doppelte Einheiten. Auf Anfrage können auch mehrere Einheiten ec bloc gemietet resp. gekauft werden.</p><p>Die Nettogeschossfläche auf drei Stockwerken beträgt 163 m2. In den ausgebauten Einheiten bestehen bereits WC-Anlage, Heizung/Kühlung (Luft-Luft-Wärmepumpe mit Splitgeräten), Malerarbeiten, Grundbeleuchtung). Bei der Nutzung bestehen kaum Einschränkungen.</p><p>Ein Parkplatz pro Einheit kann für CHF 50 / Monat gemietet werden.</p><p>Das NK-Akonto beträgt CHF 100 / Monat.</p><p>Gerne zeigen wir Ihnen dieses spannende und zweckmässige Konzept vor Ort.</p>","### GreenPlaces - Modulare Gewerbeeinheiten (ausgebaut) für diverse Nutzungen!

GreenPlaces ist ein modernes, modulares und ökologisch nachhaltiges Gewerbeparkkonzept, das lokalen KMU's und auch Start-Up's ermöglicht, Geschäftsflächen zu günstigen Konditionen zu mieten.

Zur Vermietung stehen einzelne als auch doppelte Einheiten. Auf Anfrage können auch mehrere Einheiten ec bloc gemietet resp. gekauft werden.

Die Nettogeschossfläche auf drei Stockwerken beträgt 163 m2. In den ausgebauten Einheiten bestehen bereits WC-Anlage, Heizung/Kühlung (Luft-Luft-Wärmepumpe mit Splitgeräten), Malerarbeiten, Grundbeleuchtung). Bei der Nutzung bestehen kaum Einschränkungen.

Ein Parkplatz pro Einheit kann für CHF 50 / Monat gemietet werden.

Das NK-Akonto beträgt CHF 100 / Monat.

Gerne zeigen wir Ihnen dieses spannende und zweckmässige Konzept vor Ort.","c798644a-6f15-11ee-86bd-0a4bde28e6f6","Commercial Space","Gewerbe","ab sofort",,,"163","https://casagateway.ch/media/provider-12797/property-1122617/4a7c51b29468844f4b9d9093d4d17227.jpg?p=lg","https://casagateway.ch/media/provider-12797/property-1122617/face21afad8269b6fe65c9134c9af281.jpg?p=lg","https://casagateway.ch/media/provider-12797/property-1122617/5c2ec30f19c6eb7fced860bf0147544e.jpg?p=lg","https://casagateway.ch/media/provider-12797/property-1122617/07a495411c6fbece7a36b0f33afb5f30.jpg?p=lg","https://casagateway.ch/media/provider-12797/property-1122617/e38fcce2e88201733cab3b33dc3ec918.jpg?p=lg","https://casagateway.ch/media/provider-12797/property-1122617/59abe1ea78cf0bd00e2cbcd31eb79b34.jpg?p=lg","https://casagateway.ch/media/provider-12797/property-1122617/0f1dfe1f0fac2d595a6f5a2dff9d36d4.jpg?p=lg","1980","https://casagateway.ch/media/provider-12797/property-1122617/afdaf27f3e57107c06212b873e832e93.jpg?p=lg","https://casagateway.ch/media/provider-12797/property-1122617/4ddf03d71df5e6039b59dd1432009b86.jpg?p=lg","https://casagateway.ch/media/provider-12797/property-1122617/911f2d3dd21de78666c236d394d6a176.jpg?p=lg",,,,
"72","Zürichstrasse","Wangen-Brüttisellen","8306","Äusserst helle Bürofläche mit diversen Unterteilungen (4 Büros)","<p>Die repräsentative Liegenschaft befindet sich direkt an der Autobahnabfahrt Brüttisellen. Dadurch geniessen die Mieter eine sehr gute Visibilität. Der Bahnhof Dietlikon ist zu Fuss ca. 5 min entfernt.</p><p>Die Gewerbefläche mit robustem Boden befindet sich im 2.OG. Die Flächen sind belüftet und es besteht eine Grundbeleuchtung. Zudem verfügt die Gewerbefläche über eine Teeküche.</p><p>Die Anlieferung erfolgt ebenerdig.</p><p>Die Nebenkosten betragen CHF 40 m2pa.</p><p>Parkplätze sind ebenfalls vorhanden.</p><p>Alle Beträge verstehen sich zzgl. gesetzlicher MwSt.</p><p>Gerne zeigen wie Ihnen diese spannende Gelegenheit vor Ort.</p>","### Äusserst helle Bürofläche mit diversen Unterteilungen (4 Büros)

Die repräsentative Liegenschaft befindet sich direkt an der Autobahnabfahrt Brüttisellen. Dadurch geniessen die Mieter eine sehr gute Visibilität. Der Bahnhof Dietlikon ist zu Fuss ca. 5 min entfernt.

Die Gewerbefläche mit robustem Boden befindet sich im 2.OG. Die Flächen sind belüftet und es besteht eine Grundbeleuchtung. Zudem verfügt die Gewerbefläche über eine Teeküche.

Die Anlieferung erfolgt ebenerdig.

Die Nebenkosten betragen CHF 40 m2pa.

Parkplätze sind ebenfalls vorhanden.

Alle Beträge verstehen sich zzgl. gesetzlicher MwSt.

Gerne zeigen wie Ihnen diese spannende Gelegenheit vor Ort.","c971f966-9f40-11ee-b1a8-0a4bde28e6f6","Office Space","Gewerbe","Auf Anfrage","2",,"107","https://casagateway.ch/media/provider-12797/property-1349370/ae899f63851bfa8b070941e08abd69dc.jpeg?p=lg","https://casagateway.ch/media/provider-12797/property-1011459/f3a0924b1a66e5854117b837b9e09f8a.jpg?p=lg","https://casagateway.ch/media/provider-12797/property-1011459/72553860aa9939d244cb5bdf69d2c47b.jpg?p=lg","https://casagateway.ch/media/provider-12797/property-1349370/7d8016efc1bce7541f6b755ac6b1bcab.jpeg?p=lg","https://casagateway.ch/media/provider-12797/property-1349370/3c0ec0a90e4f657918053ab136af605a.jpeg?p=lg","https://casagateway.ch/media/provider-12797/property-1011459/e89a39da3a7ecb412acde3c6cf83f727.jpg?p=lg","https://casagateway.ch/media/provider-12797/property-1011459/cd5ac9265407b008fac5ac390e425fd8.jpg?p=lg","215",,,,,,,
"56","Burrirain","Täuffelen","2575","Helle Bürofläche mit Sitzungsraum - auch für Schulungen/Seminare geeignet!","<p>Die zur Vermietung stehenden Büroflächen sind aufgrund der grossen Fenster äusserst hell und verfügen über Grundinstallationen. Die 180 m2 Mietfläche besteht heute aus einem Open Space Bereich und einem Sitzungszimmer. Die Wände können jedoch auch entfernt oder ergänzt werden.</p><p>Im Gebäuden stehen diverse Grössen von 25 m2 bis zu 180 m2 zur Vermietung.&nbsp;</p><p>Ein kleiner Essbereich mit Teeküche steht allen Mietern zur Verfügung.</p><p>Die Nebenkostenpauschale beträgt CHF 288 / Monat (bei 180 m2 Mietfläche).</p><p>Aussenparkplätze können à CHF 50 / Monat gemietet werden.</p><p>Alle Beträge verstehen sich zzgl. gesetzlicher MwSt.&nbsp;</p><p>Gerne zeigen wir Ihnen die verschiedenen Optionen vor Ort.</p>","### Helle Bürofläche mit Sitzungsraum - auch für Schulungen/Seminare geeignet!

Die zur Vermietung stehenden Büroflächen sind aufgrund der grossen Fenster äusserst hell und verfügen über Grundinstallationen. Die 180 m2 Mietfläche besteht heute aus einem Open Space Bereich und einem Sitzungszimmer. Die Wände können jedoch auch entfernt oder ergänzt werden.

Im Gebäuden stehen diverse Grössen von 25 m2 bis zu 180 m2 zur Vermietung. 

Ein kleiner Essbereich mit Teeküche steht allen Mietern zur Verfügung.

Die Nebenkostenpauschale beträgt CHF 288 / Monat (bei 180 m2 Mietfläche).

Aussenparkplätze können à CHF 50 / Monat gemietet werden.

Alle Beträge verstehen sich zzgl. gesetzlicher MwSt. 

Gerne zeigen wir Ihnen die verschiedenen Optionen vor Ort.","cbaadb05-73c4-11ee-86bd-0a4bde28e6f6","Office Space","Gewerbe","ab sofort",,,"180","https://casagateway.ch/media/provider-12797/property-1189773/a9c8c02844dc26577706d1c6fde19dca.jpeg?p=lg","https://casagateway.ch/media/provider-12797/property-1189773/fdf0b166b46d579b97550e6079af0c97.jpeg?p=lg","https://casagateway.ch/media/provider-12797/property-1189773/907a7068228b1213ef86d5efca5e4db2.jpeg?p=lg","https://casagateway.ch/media/provider-12797/property-1189773/81c8963116e6e8251fd4feabe8f5e23b.jpeg?p=lg","https://casagateway.ch/media/provider-12797/property-1189769/486ce58501c19c94ec495fc32ac9efb8.jpeg?p=lg","https://casagateway.ch/media/provider-12797/property-1189769/910060dd739bcdbc5c0079017c9d30fa.jpeg?p=lg","https://casagateway.ch/media/provider-12797/property-1189769/0799d9666064dd733d3e458e2c469e28.jpeg?p=lg","120","https://casagateway.ch/media/provider-12797/property-1189769/aaaf0c44dea1175646aa9ed241342740.jpeg?p=lg","https://casagateway.ch/media/provider-12797/property-1207195/e0135e6c254fe67522d51bec5b8d4191.jpeg?p=lg","https://casagateway.ch/media/provider-12797/property-1207195/54602f089deb703033f52c7f41ef8385.jpeg?p=lg","https://casagateway.ch/media/provider-12797/property-1207195/bf9ae577f21fc3702ce008e3441fff7b.jpeg?p=lg","https://casagateway.ch/media/provider-12797/property-1207195/db39ef42486fb35a4899ffe2d31abb68.jpeg?p=lg","https://casagateway.ch/media/provider-12797/property-1207195/24147e20e774da574ad6c58c88507112.jpeg?p=lg",
"18","Neumarktplatz","Brugg","5200","Spannende EG-Verkaufsfläche an bester Lage in Brugg!","<p>Zur Vermietung steht eine Verkaufsfläche an bester Lage am Neumarktplatz in Brugg. Die ca. 1'433 m2 teilen sich folgendermassen auf drei Etagen auf:</p><ul><li>UG ca. 376 m2</li><li>EG ca. 456 m2</li><li>OG ca. 601 m2</li></ul><p>Der Nettomietzins von CHF 350 m2pa stellt eine Mischkalkulation aus den verschiedenen Etagen dar.</p><p>Mögliche Teilflächen:</p><ul><li>UG + EG</li><li>OG</li></ul><p>Das Center erfuhr in den letzten Monaten eine Revitalisierung und das Obergeschoss ist nun zusätzlich durch den Eingang beim Coop über die neue Passerelle erreichbar. Das Look and Feel wurde vereinheitlicht, wodurch das Gefühl einer Einheit gefördert wird. Somit profitieren alle Geschäfte vom Umbau und dem bestehenden Personenverkehr.</p><p>Gerne zeigen wir Ihnen diese einmalige Gelegenheit vor Ort.</p>","### Spannende EG-Verkaufsfläche an bester Lage in Brugg!

Zur Vermietung steht eine Verkaufsfläche an bester Lage am Neumarktplatz in Brugg. Die ca. 1'433 m2 teilen sich folgendermassen auf drei Etagen auf:

*   UG ca. 376 m2
*   EG ca. 456 m2
*   OG ca. 601 m2

Der Nettomietzins von CHF 350 m2pa stellt eine Mischkalkulation aus den verschiedenen Etagen dar.

Mögliche Teilflächen:

*   UG + EG
*   OG

Das Center erfuhr in den letzten Monaten eine Revitalisierung und das Obergeschoss ist nun zusätzlich durch den Eingang beim Coop über die neue Passerelle erreichbar. Das Look and Feel wurde vereinheitlicht, wodurch das Gefühl einer Einheit gefördert wird. Somit profitieren alle Geschäfte vom Umbau und dem bestehenden Personenverkehr.

Gerne zeigen wir Ihnen diese einmalige Gelegenheit vor Ort.","cdacdf43-ca47-11ee-b1a8-0a4bde28e6f6","Retail Space","Gewerbe","ab sofort",,,"1436","https://casagateway.ch/media/provider-12797/property-1374646/87dddadc599d9a7a5a96677ab8e255cf.png?p=lg","https://casagateway.ch/media/provider-12797/property-1404625/7f3769b68589d9278cf1dba2ee90d4c1.jpeg?p=lg","https://casagateway.ch/media/provider-12797/property-1404625/e6a5c4aaef186d81d8e4c64c9c0325de.jpeg?p=lg","https://casagateway.ch/media/provider-12797/property-1374646/67711361d4335c423a3c12b36573955a.jpeg?p=lg","https://casagateway.ch/media/provider-12797/property-1374646/10f857efe34c842571078625502a4973.jpeg?p=lg","https://casagateway.ch/media/provider-12797/property-1374646/f603039283be33415e5523edba8b5d84.jpeg?p=lg","https://casagateway.ch/media/provider-12797/property-1404625/6380c1f25811f29e48fe6edc13773623.jpeg?p=lg","350","https://casagateway.ch/media/provider-12797/property-1374646/8c74a9719f75a7e549dd372ef09634e2.jpeg?p=lg","https://casagateway.ch/media/provider-12797/property-1374646/c95b2ad5596920a1d369d585cde5cfb8.jpeg?p=lg","https://casagateway.ch/media/provider-12797/property-1404625/77c7b0ec77c6ba09277e567ceed9826f.jpeg?p=lg",,,,
"16a","Florastrasse","Biel","2502","Zentrale Büroflächen - teilsaniert mit Option zur Fertigstellung!","<p>Die zur Vermietung stehende Bürofläche wurde zuletzt teilsaniert und kann bei Bedarf mit einem gehobenen Standard fertiggebaut werden (siehe Inserat 104 m2 und Bilder im Inserat). Eine Teeküche, WC und Dusche wurden bereits installiert. Alle Bereiche sind belüftet. Die Elektroverteilung befindet sich im Bodenkanal.&nbsp;</p><p>Die Mikrolage könnte kaum besser sein, wenn man ein innenstädtisches Büro sucht. In unmittelbarer Nähe gegenüber befindet sich das Coop-Restaurant und weitere Verpflegungsmöglichkeiten. Ein PureGym befindet sich ebenfalls im Gebäude nebenan.</p><p>Das Nebenkosten-Akonto beläuft sich auf CHF 26 m2pa.</p><p>Alle Beträge verstehen sich zzgl. gesetzlicher MwSt.</p><p>Gerne zeigen wir Ihnen diese spannende Gelegenheit vor Ort.</p>","### Zentrale Büroflächen - teilsaniert mit Option zur Fertigstellung!

Die zur Vermietung stehende Bürofläche wurde zuletzt teilsaniert und kann bei Bedarf mit einem gehobenen Standard fertiggebaut werden (siehe Inserat 104 m2 und Bilder im Inserat). Eine Teeküche, WC und Dusche wurden bereits installiert. Alle Bereiche sind belüftet. Die Elektroverteilung befindet sich im Bodenkanal. 

Die Mikrolage könnte kaum besser sein, wenn man ein innenstädtisches Büro sucht. In unmittelbarer Nähe gegenüber befindet sich das Coop-Restaurant und weitere Verpflegungsmöglichkeiten. Ein PureGym befindet sich ebenfalls im Gebäude nebenan.

Das Nebenkosten-Akonto beläuft sich auf CHF 26 m2pa.

Alle Beträge verstehen sich zzgl. gesetzlicher MwSt.

Gerne zeigen wir Ihnen diese spannende Gelegenheit vor Ort.","cfadbd78-d262-11ee-afda-0a4bde28e6f6","Office Space","Gewerbe","ab sofort","1",,"209","https://casagateway.ch/media/provider-12797/property-1380341/1ee1a0d7fc3838a020aaaafa75480221.jpeg?p=lg","https://casagateway.ch/media/provider-12797/property-1380410/9a8ee1f6003dbc693b90552ed35d5450.jpeg?p=lg","https://casagateway.ch/media/provider-12797/property-1380410/5284a4498140e04ebedfb497f3dfdce0.jpeg?p=lg","https://casagateway.ch/media/provider-12797/property-1380341/d124a39eb67bb6a78f669467c4eef27f.jpeg?p=lg","https://casagateway.ch/media/provider-12797/property-1380341/86a5637af0c6ec062dd43a2e4e8a3056.jpeg?p=lg","https://casagateway.ch/media/provider-12797/property-1380341/5ef1bcd7ba9c2119f33fbf19d581348c.jpeg?p=lg","https://casagateway.ch/media/provider-12797/property-1380341/7b59e364e4c4a63c6b90bdb2880648a8.jpeg?p=lg","205","https://casagateway.ch/media/provider-12797/property-1380341/1de1eba84b87e114f0809c47cde69f6d.jpeg?p=lg","https://casagateway.ch/media/provider-12797/property-1380410/d57ac588b331366f67280c61d3d6ad97.jpeg?p=lg","https://casagateway.ch/media/provider-12797/property-1380341/7026d5ac09483c303c4ff5723d8984b7.jpeg?p=lg","https://casagateway.ch/media/provider-12797/property-1380341/c59fc5038488c5fbfc53221a61fb381a.jpeg?p=lg","https://casagateway.ch/media/provider-12797/property-1380341/44d9ba64d932f6ebdb0d8107b6d4974f.jpeg?p=lg",,
"32","Spitalstrasse","Biel","2502","Verkaufsfläche mit attraktiver Deckenhöhe unweit des Bahnhofs (4 Minuten) mitten in Biel!","<p>Zur Vermietung steht eine Verkaufsfläche unweit des Bahnhofs (4 Minuten) mitten in Biel. Neben der Gesamtfläche mit 611 m2 sind auch Teilflächen möglich, abhängig von Nutzung und Ausrichtung innerhalb der Gesamtfläche.</p><p>Die Fläche verfügt grundsätzlich bereits über:</p><ul><li>WC-Anlage Damen/Herren</li><li>Lüftung bis Mietgrenze</li><li>Elektroerschliessung</li><li>Fussbodenheizung</li><li>Brandmeldeanlage</li><li>Mehrere Eingänge für Personen und Waren</li><li>Grosse Schaufensterflächen</li><li>Separaten Lagerraum mit knapp 40 m2 (ebenfalls EG, angrenzend)</li></ul><p>Einstellhallenplätze à CHF 200 / Monat sind in der Liegenschaft ausreichend vorhanden.</p><p>Das Nebenkosten-Akonto beläuft sich auf ca. CHF 35 m2pa.</p><p>Alle Beträge verstehen sich zzgl. 8.1% MwSt.</p><p>Gerne zeigen wir Ihnen diese spannende Gelegenheit vor Ort.</p>","### Verkaufsfläche mit attraktiver Deckenhöhe unweit des Bahnhofs (4 Minuten) mitten in Biel!

Zur Vermietung steht eine Verkaufsfläche unweit des Bahnhofs (4 Minuten) mitten in Biel. Neben der Gesamtfläche mit 611 m2 sind auch Teilflächen möglich, abhängig von Nutzung und Ausrichtung innerhalb der Gesamtfläche.

Die Fläche verfügt grundsätzlich bereits über:

*   WC-Anlage Damen/Herren
*   Lüftung bis Mietgrenze
*   Elektroerschliessung
*   Fussbodenheizung
*   Brandmeldeanlage
*   Mehrere Eingänge für Personen und Waren
*   Grosse Schaufensterflächen
*   Separaten Lagerraum mit knapp 40 m2 (ebenfalls EG, angrenzend)

Einstellhallenplätze à CHF 200 / Monat sind in der Liegenschaft ausreichend vorhanden.

Das Nebenkosten-Akonto beläuft sich auf ca. CHF 35 m2pa.

Alle Beträge verstehen sich zzgl. 8.1% MwSt.

Gerne zeigen wir Ihnen diese spannende Gelegenheit vor Ort.","d05b38ea-d8af-11ee-afda-0a4bde28e6f6","Retail Space","Gewerbe","ab sofort",,,"250","https://casagateway.ch/media/provider-12797/property-1374682/2096b9d6ac8a25f57de47932789d3366.jpeg?p=lg","https://casagateway.ch/media/provider-12797/property-1374682/d6a04f58e0e5ddc6e61eee59347ed1de.jpeg?p=lg","https://casagateway.ch/media/provider-12797/property-1374682/26cf0d881519ac9b901ff7ea119b00ba.jpeg?p=lg","https://casagateway.ch/media/provider-12797/property-1374682/939af2ac126f2093548edb81bf803c9e.jpeg?p=lg","https://casagateway.ch/media/provider-12797/property-1374682/195750e37b021b9e5f787fdb702591d8.jpeg?p=lg","https://casagateway.ch/media/provider-12797/property-1374682/8c99bdc5c0b7f66a59f38f35e7bfd427.jpeg?p=lg","https://casagateway.ch/media/provider-12797/property-1374682/c60870b6d88175140ba7060ca3a32d09.jpeg?p=lg","400","https://casagateway.ch/media/provider-12797/property-1374682/e7cc1af87b9ed875e25a3569b08e7c5e.jpeg?p=lg","https://casagateway.ch/media/provider-12797/property-1374682/76497c6fd7f450847a00e28a76763e00.png?p=lg","https://casagateway.ch/media/provider-12797/property-1374682/46c8acb860f742aa25aefa0a90b5a4ae.png?p=lg",,,,
"72","Zürichstrasse","Wangen-Brüttisellen","8306","Gekühlte und ausgebaute Gewerbe-/Bürofläche mit Infrastruktur","<p>Die repräsentative Liegenschaft befindet sich direkt an der Autobahnabfahrt Brüttisellen. Dadurch geniessen die Mieter eine sehr gute Visibilität. Der Bahnhof Dietlikon ist zu Fuss ca. 5 min entfernt.</p><p>Die hellen und voll ausgebauten Gewerbe-/Büroflächen befinden sich im 1.OG. Die Fläche verfügt über eine eigene Teeküche. Die WC-Anlagen und ein weiterer Pausenraum (inkl. Balkon) mit zusätzlicher Küche stehen zur Mitbenutzung zur Verfügung.&nbsp;</p><p>Die Flächen sind belüftet und die Liegenschaft verfügt über eine Grundkühlung (Tabs). Die Storen sind ausserdem elektrisch betrieben.</p><p>Das Nebenkosten-Akonto beträgt CHF 40 m2pa.</p><p>Aussenparkplätze sind ebenfalls vorhanden.</p><p>Alle Beträge verstehen sich zzgl. gesetzlicher MwSt.</p><p>Gerne zeigen wie Ihnen diese spannende Gelegenheit vor Ort.</p>","### Gekühlte und ausgebaute Gewerbe-/Bürofläche mit Infrastruktur

Die repräsentative Liegenschaft befindet sich direkt an der Autobahnabfahrt Brüttisellen. Dadurch geniessen die Mieter eine sehr gute Visibilität. Der Bahnhof Dietlikon ist zu Fuss ca. 5 min entfernt.

Die hellen und voll ausgebauten Gewerbe-/Büroflächen befinden sich im 1.OG. Die Fläche verfügt über eine eigene Teeküche. Die WC-Anlagen und ein weiterer Pausenraum (inkl. Balkon) mit zusätzlicher Küche stehen zur Mitbenutzung zur Verfügung. 

Die Flächen sind belüftet und die Liegenschaft verfügt über eine Grundkühlung (Tabs). Die Storen sind ausserdem elektrisch betrieben.

Das Nebenkosten-Akonto beträgt CHF 40 m2pa.

Aussenparkplätze sind ebenfalls vorhanden.

Alle Beträge verstehen sich zzgl. gesetzlicher MwSt.

Gerne zeigen wie Ihnen diese spannende Gelegenheit vor Ort.","d123d254-9f3c-11ee-b1a8-0a4bde28e6f6","Commercial Space","Gewerbe","Auf Anfrage","1",,"199","https://casagateway.ch/media/provider-12797/property-1319164/7b6043e33f9e3f763847675e2a60c88b.jpeg?p=lg","https://casagateway.ch/media/provider-12797/property-1319164/1f67f29681fbe1d5865726b5f9235c3c.jpeg?p=lg","https://casagateway.ch/media/provider-12797/property-1319164/59bdbb6e57e679661ecc5bcd46140b62.jpeg?p=lg","https://casagateway.ch/media/provider-12797/property-1319164/80b0da326b0838b327358b5b4831718a.jpeg?p=lg","https://casagateway.ch/media/provider-12797/property-1319164/5696ff0a2453042bce12b8e6b96b3d58.jpeg?p=lg","https://casagateway.ch/media/provider-12797/property-1319164/2c84cffdcff4207e79c2d513a38cf500.jpeg?p=lg","https://casagateway.ch/media/provider-12797/property-1319164/1277cb4a051cb728c35cb21f2e5a8f57.jpeg?p=lg","160","https://casagateway.ch/media/provider-12797/property-1349342/49304a85fafde8787b3c9b7d10c5b4f8.jpeg?p=lg","https://casagateway.ch/media/provider-12797/property-1349342/1f1796b4c6c0dc37ff9079d29d4d3ff1.jpeg?p=lg","https://casagateway.ch/media/provider-12797/property-1011459/e0f545440de7441dde5518319ad1c29c.jpg?p=lg","https://casagateway.ch/media/provider-12797/property-1011459/e89a39da3a7ecb412acde3c6cf83f727.jpg?p=lg","https://casagateway.ch/media/provider-12797/property-1011459/cd5ac9265407b008fac5ac390e425fd8.jpg?p=lg",,
"1","Grabenstrasse","Uster","8606","Zwei volle Etagen mit Kühldecken und Atrium!","<p>Die Gesamtfläche von ca. 1'466 m2 teilt sich auf zwei Etagen auf. Das Layout kann individuell konzipiert werden.</p><p>Die Liegenschaft liegt unweit des Bahnhofs Nänikon/Greifensee und bietet helle, hochwertige und belüftete Flächen mit teilweise bereits abgetrennten Räumen.&nbsp; Die grosszügige Terrasse zur Mitbenutzung ist ein angenehmes Plus. Der Lichthof auf dem 1.OG ist zur exklusiven Nutzung vorgesehen.</p><p>Eckdaten:</p><ul><li>1.OG - 687 m2 - Büro-/Gewerbefläche</li><li>2.OG - 779 m2 - Büro-/Gewerbefläche</li><li>Kühldecken</li><li>Deckenhöhe 3.2 m total</li><li>Lagerflächen bis 34 m2 können dazugemietet werden</li><li>Ausreichend Aussenparkplätze vorhanden</li></ul><p>Der Nettomietzins von CHF 142 m2pa versteht sich als Durchschnittsmietzins bei einer langfristigen Bindung (5 Jahre) mit entsprechender Staffelung.</p><p>Alle Beträge verstehen sich zuzgl. gesetzlicher MwSt.&nbsp;</p><p>Gerne zeigen wir Ihnen diese spannende Fläche vor Ort.</p>","### Zwei volle Etagen mit Kühldecken und Atrium!

Die Gesamtfläche von ca. 1'466 m2 teilt sich auf zwei Etagen auf. Das Layout kann individuell konzipiert werden.

Die Liegenschaft liegt unweit des Bahnhofs Nänikon/Greifensee und bietet helle, hochwertige und belüftete Flächen mit teilweise bereits abgetrennten Räumen.  Die grosszügige Terrasse zur Mitbenutzung ist ein angenehmes Plus. Der Lichthof auf dem 1.OG ist zur exklusiven Nutzung vorgesehen.

Eckdaten:

*   1.OG - 687 m2 - Büro-/Gewerbefläche
*   2.OG - 779 m2 - Büro-/Gewerbefläche
*   Kühldecken
*   Deckenhöhe 3.2 m total
*   Lagerflächen bis 34 m2 können dazugemietet werden
*   Ausreichend Aussenparkplätze vorhanden

Der Nettomietzins von CHF 142 m2pa versteht sich als Durchschnittsmietzins bei einer langfristigen Bindung (5 Jahre) mit entsprechender Staffelung.

Alle Beträge verstehen sich zuzgl. gesetzlicher MwSt. 

Gerne zeigen wir Ihnen diese spannende Fläche vor Ort.","..(6670913)","Office Space","Gewerbe","ab sofort",,,"1466","https://casagateway.ch/media/provider-12797/property-914766/22f7b740f1bac06f406a674a476656d2.jpg?p=lg","https://casagateway.ch/media/provider-12797/property-914766/ef6fa0c84cf7e47ed0b83bbb461257ba.jpg?p=lg","https://casagateway.ch/media/provider-12797/property-914766/5c592de427b82eb65616f3a4daea3224.jpg?p=lg","https://casagateway.ch/media/provider-12797/property-914766/52c44f0040e3970f61dff5377bd5a55c.jpg?p=lg","https://casagateway.ch/media/provider-12797/property-914766/a446d8e0f49c45c73cf1130726b3045f.jpg?p=lg","https://casagateway.ch/media/provider-12797/property-914766/98df182506aba4848e2c46fa8f758335.jpg?p=lg","https://casagateway.ch/media/provider-12797/property-914766/c65a3667b26b60bbeaaab094229c0580.jpg?p=lg","142","https://casagateway.ch/media/provider-12797/property-914766/860c70f3828fceb5798123bccb284770.jpg?p=lg",,,,,,
"23","Steinackerstrasse","Kloten","8302","Teilrenovierte Bürofläche mit Gestaltungsraum!","<p>Zur Vermietung steht eine bereits teilrenovierte Bürofläche mit</p><ul><li>bestehenden Unterteilungen</li><li>vorbereiteten Anschlüssen für Küche</li><li>neuen Brüstungskanälen</li><li>frisch gemalerten Wänden</li><li>viel Tageslicht</li></ul><p>Darüber hinaus bestehen Pläne zur Installation einer Grundbeleuchtung und des Bodenbelags. Bei diesen Ausbauten besteht sogar ein Mitspracherecht bei langfristiger Mietbindung.</p><p>Die Lage im Steinackerquartier in Kloten kann kaum besser sein. Die Autobahn ist in 5 Minuten erreichbar. Nahversorgung besteht im näheren Umfeld und Anbindung an die ÖV' findet man direkt vor der Türe.</p><p>Das NK-Akonto beträgt CHF 25 m2pa.</p><p>In der Liegenschaft sind weitere 250 m2 Bürofläche direkt darüber liegend (2.OG) verfügbar.</p><p>Parkplätze sind ebenfalls verfügbar, vor allem in der Tiefgarage.</p><p>Gerne zeigen wir Ihnen die Möglichkeiten vor Ort.</p>","### Teilrenovierte Bürofläche mit Gestaltungsraum!

Zur Vermietung steht eine bereits teilrenovierte Bürofläche mit

*   bestehenden Unterteilungen
*   vorbereiteten Anschlüssen für Küche
*   neuen Brüstungskanälen
*   frisch gemalerten Wänden
*   viel Tageslicht

Darüber hinaus bestehen Pläne zur Installation einer Grundbeleuchtung und des Bodenbelags. Bei diesen Ausbauten besteht sogar ein Mitspracherecht bei langfristiger Mietbindung.

Die Lage im Steinackerquartier in Kloten kann kaum besser sein. Die Autobahn ist in 5 Minuten erreichbar. Nahversorgung besteht im näheren Umfeld und Anbindung an die ÖV' findet man direkt vor der Türe.

Das NK-Akonto beträgt CHF 25 m2pa.

In der Liegenschaft sind weitere 250 m2 Bürofläche direkt darüber liegend (2.OG) verfügbar.

Parkplätze sind ebenfalls verfügbar, vor allem in der Tiefgarage.

Gerne zeigen wir Ihnen die Möglichkeiten vor Ort.","d6ff522c-bf73-11ee-b1a8-0a4bde28e6f6","Office Space","Gewerbe","ab sofort","1",,"350","https://casagateway.ch/media/provider-12797/property-1366908/6b9af6f7847e69e5c08db2ac888f2174.jpeg?p=lg","https://casagateway.ch/media/provider-12797/property-1366908/c1c9874ce8b604c4e9f28125d399bdcc.jpeg?p=lg","https://casagateway.ch/media/provider-12797/property-1366908/504a9efbc1dc8fcc0a673e754d689bff.jpeg?p=lg","https://casagateway.ch/media/provider-12797/property-1366908/a2bed6b18700cdcf8a49206dcef2403c.jpeg?p=lg","https://casagateway.ch/media/provider-12797/property-1366908/77079840d057f0e0bfdea39ae4e6b8f6.jpeg?p=lg","https://casagateway.ch/media/provider-12797/property-1346888/1c152c6dbf9b659b915ee19b34ea1b16.png?p=lg",,"130",,,,,,,
"6E","Chaltenbodenstrasse","Feusisberg","8834","Helle Büro-/Gewerbefläche mit Sitzungszimmer, Küche und WC's!","<h3>Helle Büro-/Gewerbefläche mit Sitzungszimmern, Küche und WC's!</h3>
																								<p>Wir vermieten im steuergünstigen Schindellegi eine helle Büro- und/ oder Gewerbefläche&nbsp;</p><ul><li>Modernes und helles Büro im Loft-Stil</li><li>Top Ausbaustandard mit hellen Böden</li><li>Sitzungszimmer bereits unterteilt</li><li>Modernes Badezimmer</li><li>Sofort bezugsbereit</li><li>Parkplätze und Lagerflächen vorhanden</li></ul><p>Das Nebenkosten-Akonto beträgt CHF 30 m2pa.</p><p>Alle Beträge zzgl. gesetzlicher MwSt.</p><p>Gerne zeigen wir Ihnen die Räumlichkeiten vor Ort.</p>","### Helle Büro-/Gewerbefläche mit Sitzungszimmer, Küche und WC's!

### Helle Büro-/Gewerbefläche mit Sitzungszimmern, Küche und WC's!

Wir vermieten im steuergünstigen Schindellegi eine helle Büro- und/ oder Gewerbefläche 

*   Modernes und helles Büro im Loft-Stil
*   Top Ausbaustandard mit hellen Böden
*   Sitzungszimmer bereits unterteilt
*   Modernes Badezimmer
*   Sofort bezugsbereit
*   Parkplätze und Lagerflächen vorhanden

Das Nebenkosten-Akonto beträgt CHF 30 m2pa.

Alle Beträge zzgl. gesetzlicher MwSt.

Gerne zeigen wir Ihnen die Räumlichkeiten vor Ort.","..(6538993)","Office Space","Gewerbe","ab sofort","1",,"224","https://casagateway.ch/media/provider-12797/property-914749/f8a0c6fdb47cfa8a2e90369d5e4bd3c5.jpg?p=lg","https://casagateway.ch/media/provider-12797/property-914749/f3ba764f0fe3b01dcf29567fcec1ba97.jpg?p=lg","https://casagateway.ch/media/provider-12797/property-914749/05052d12d70a70e84dd1968e6ac6afc9.jpg?p=lg","https://casagateway.ch/media/provider-12797/property-914749/c9a4bce3b1518e7ab2ca0cd2d119565d.jpg?p=lg","https://casagateway.ch/media/provider-12797/property-914749/c3b6b06bbda4380b576e11084b4f9b10.jpg?p=lg",,,"120",,,,,,,
"12","Industriestrasse","Wilderswil","3812","Modulare Gewerbeflächen für diverse Nutzungen - GreenPlaces!","<p></p><p>GreenPlaces ist ein modernes, modulares und ökologisch nachhaltiges Gewerbeparkkonzept, das lokalen KMU's und auch Start-Up's ermöglicht, Geschäftsflächen zu günstigen Konditionen zu mieten.</p><p>Zur Vermietung stehen einzelne als auch doppelte Einheiten. Auf Anfrage können auch mehrere Einheiten ec bloc gemietet resp. gekauft werden.</p><p>Die Nettogeschossfläche einer doppelten Einheit auf drei Stockwerken beträgt 326 m2. Für den Ausbau der Flächen liegen bewährte Konzepte vor (WC, Heizung/Kühlung, Malerarbeiten, Elektro-Grundverteilung). Bereits ausgebaute Einheiten sind ebenfalls verfügbar und können mit einem Aufschlag von lediglich CHF 350 pro Monat quasi schlüsselfertig gemietet werden.</p><p>Ein Parkplatz pro Einheit kann für CHF 50 / Monat gemietet werden.</p><p>Die Nebenkosten belaufen sich auf CHF 50 / Monat.</p><p>Gerne zeigen wir Ihnen dieses spannende und zweckmässige Konzept vor Ort.</p><p></p>","### Modulare Gewerbeflächen für diverse Nutzungen - GreenPlaces!

GreenPlaces ist ein modernes, modulares und ökologisch nachhaltiges Gewerbeparkkonzept, das lokalen KMU's und auch Start-Up's ermöglicht, Geschäftsflächen zu günstigen Konditionen zu mieten.

Zur Vermietung stehen einzelne als auch doppelte Einheiten. Auf Anfrage können auch mehrere Einheiten ec bloc gemietet resp. gekauft werden.

Die Nettogeschossfläche einer doppelten Einheit auf drei Stockwerken beträgt 326 m2. Für den Ausbau der Flächen liegen bewährte Konzepte vor (WC, Heizung/Kühlung, Malerarbeiten, Elektro-Grundverteilung). Bereits ausgebaute Einheiten sind ebenfalls verfügbar und können mit einem Aufschlag von lediglich CHF 350 pro Monat quasi schlüsselfertig gemietet werden.

Ein Parkplatz pro Einheit kann für CHF 50 / Monat gemietet werden.

Die Nebenkosten belaufen sich auf CHF 50 / Monat.

Gerne zeigen wir Ihnen dieses spannende und zweckmässige Konzept vor Ort.","d88d08dd-c490-11ed-a8f0-005056bdbc06","Commercial Space","Gewerbe","ab sofort",,,"326","https://casagateway.ch/media/provider-12797/property-1123165/5fddedc6700e565825f1f86dfcd49b4c.jpg?p=lg","https://casagateway.ch/media/provider-12797/property-1122617/5c2ec30f19c6eb7fced860bf0147544e.jpg?p=lg","https://casagateway.ch/media/provider-12797/property-1122617/07a495411c6fbece7a36b0f33afb5f30.jpg?p=lg","https://casagateway.ch/media/provider-12797/property-1122617/4ddf03d71df5e6039b59dd1432009b86.jpg?p=lg","https://casagateway.ch/media/provider-12797/property-1122617/0f1dfe1f0fac2d595a6f5a2dff9d36d4.jpg?p=lg","https://casagateway.ch/media/provider-12797/property-1122617/afdaf27f3e57107c06212b873e832e93.jpg?p=lg","https://casagateway.ch/media/provider-12797/property-1122617/59abe1ea78cf0bd00e2cbcd31eb79b34.jpg?p=lg","125","https://casagateway.ch/media/provider-12797/property-1220301/6593feaad3ebf5a49aa16e1a3badbe9c.jpeg?p=lg",,,,,,
"72","Zürichstrasse","Wangen-Brüttisellen","8306","Hochwertige Büroflächen mit Open Space und Abtrennung/Sitzungszimmer","<p>Die repräsentative Liegenschaft befindet sich direkt an der Autobahnabfahrt Brüttisellen. Dadurch geniessen die Mieter eine sehr gute Visibilität. Der Bahnhof Dietlikon ist zu Fuss ca. 5 min entfernt.</p><p>Die sehr hellen und hochwertig ausgebauten Büroflächen befinden sich im 1.OG und das Mietobjekt besteht aus einem offenen Bereich mit Unterteilung und zwei Sitzungsräumen. Zur Mitbenutzung steht eine grosszügige Küche mit Balkon und die WC-Anlagen zur Verfügung.&nbsp;</p><p>Die Flächen sind belüftet und die Liegenschaft verfügt über eine Grundkühlung (Tabs). Die Storen sind ausserdem elektrisch betrieben.</p><p>Das Nebenkosten-Akonto beträgt CHF 40 m2pa.</p><p>Parkplätze sind ebenfalls vorhanden.</p><p>Alle Beträge verstehen sich zzgl. gesetzlicher MwSt.</p><p>Gerne zeigen wie Ihnen diese spannende Gelegenheit vor Ort.</p>","### Hochwertige Büroflächen mit Open Space und Abtrennung/Sitzungszimmer

Die repräsentative Liegenschaft befindet sich direkt an der Autobahnabfahrt Brüttisellen. Dadurch geniessen die Mieter eine sehr gute Visibilität. Der Bahnhof Dietlikon ist zu Fuss ca. 5 min entfernt.

Die sehr hellen und hochwertig ausgebauten Büroflächen befinden sich im 1.OG und das Mietobjekt besteht aus einem offenen Bereich mit Unterteilung und zwei Sitzungsräumen. Zur Mitbenutzung steht eine grosszügige Küche mit Balkon und die WC-Anlagen zur Verfügung. 

Die Flächen sind belüftet und die Liegenschaft verfügt über eine Grundkühlung (Tabs). Die Storen sind ausserdem elektrisch betrieben.

Das Nebenkosten-Akonto beträgt CHF 40 m2pa.

Parkplätze sind ebenfalls vorhanden.

Alle Beträge verstehen sich zzgl. gesetzlicher MwSt.

Gerne zeigen wie Ihnen diese spannende Gelegenheit vor Ort.","db0a676a-9f46-11ee-b1a8-0a4bde28e6f6","Office Space","Gewerbe","Auf Anfrage","1",,"173","https://casagateway.ch/media/provider-12797/property-1349384/cbce1ee282aca9c2d3ef118eb61a7dc4.jpeg?p=lg","https://casagateway.ch/media/provider-12797/property-1349384/4c01c6aafde5d7bf73239c03350865c4.jpeg?p=lg","https://casagateway.ch/media/provider-12797/property-1349384/bf9e26b308b698a91c2166d26ac393b6.jpeg?p=lg","https://casagateway.ch/media/provider-12797/property-1349384/cb1927e4e8046e5bb964f8e1f2b995c5.jpeg?p=lg","https://casagateway.ch/media/provider-12797/property-1349342/49304a85fafde8787b3c9b7d10c5b4f8.jpeg?p=lg","https://casagateway.ch/media/provider-12797/property-1349342/1f1796b4c6c0dc37ff9079d29d4d3ff1.jpeg?p=lg","https://casagateway.ch/media/provider-12797/property-1112301/d0d2b83865b8ba1699b4a6a85c58a7f0.jpg?p=lg","200","https://casagateway.ch/media/provider-12797/property-1349379/5c355a85b37afd4ff64bb0df62f79bc3.jpeg?p=lg","https://casagateway.ch/media/provider-12797/property-1011459/cd5ac9265407b008fac5ac390e425fd8.jpg?p=lg",,,,,
"18","Tödiweg","Volketswil","8604","Gewerbe-/Produktions-/Verkaufsflächen in Volketswil - 500 m2","<p></p><p>Zur Neuvermietung steht eine gesamte Liegenschaft in der Industriezone von Volketswil (ES III) unweit der Autobahn. Die Liegenschaft ist für verschiedene Nutzungen geeignet und kann unter den gegebenen Rahmenbedingungen umgenutzt werden. Die Mikrolage ist ausserordentlich gut.</p><p>Eine Teilflächenvermietung ist möglich. Die Teilflächen haben Grössen zwischen 500 m2 und 3'000 m2, wobei das Erdgeschoss aus ca. 2/3 Gewerbefläche und 1/3 Lagerfläche besteht.</p><p>Die Anlieferung ist durch einen Scherenhubtisch/Anpassrampen gewährleistet und der Warenfluss innerhalb des Gebäudes erfolgt über Warenlifte.</p><p>Eine Tiefgarage mit ausreichend Stellplätzen ist zudem vorhanden.&nbsp;</p><p>Aufgrund der heutigen Vermietungssituation werden weitere Informationen nur nach unterzeichneter Verschwiegenheitserklärung mitgeteilt.</p><p>Bei Interesse stehen wir Ihnen gerne zur Verfügung.&nbsp;&nbsp;</p><p></p>","### Gewerbe-/Produktions-/Verkaufsflächen in Volketswil - 500 m2

Zur Neuvermietung steht eine gesamte Liegenschaft in der Industriezone von Volketswil (ES III) unweit der Autobahn. Die Liegenschaft ist für verschiedene Nutzungen geeignet und kann unter den gegebenen Rahmenbedingungen umgenutzt werden. Die Mikrolage ist ausserordentlich gut.

Eine Teilflächenvermietung ist möglich. Die Teilflächen haben Grössen zwischen 500 m2 und 3'000 m2, wobei das Erdgeschoss aus ca. 2/3 Gewerbefläche und 1/3 Lagerfläche besteht.

Die Anlieferung ist durch einen Scherenhubtisch/Anpassrampen gewährleistet und der Warenfluss innerhalb des Gebäudes erfolgt über Warenlifte.

Eine Tiefgarage mit ausreichend Stellplätzen ist zudem vorhanden. 

Aufgrund der heutigen Vermietungssituation werden weitere Informationen nur nach unterzeichneter Verschwiegenheitserklärung mitgeteilt.

Bei Interesse stehen wir Ihnen gerne zur Verfügung.","dd4051af-5bb4-11ee-b2b2-0a4bde28e6f6","Commercial Space","Gewerbe","Auf Anfrage",,,"500","https://casagateway.ch/media/provider-12797/property-1308414/85300b905606773d7efc2bd358e8ca53.png?p=lg",,,,,,,,,,,,,,
"9","Im Grund","Gretzenbach","5014","140 m2 Lager im Untergeschoss","<p>Das Lager ist über einen Warenlift zugänglich und mit einer Grundbeleuchtung ausgestattet. Nutzungen für Serverfarm oder CBD-Anbau sind eher weniger geeignet.</p><p>Das Lager ist nicht als Hobbyraum nutzbar.</p><p>Die Nebenkosten belaufen sich auf ca. CHF 5 m2pa.</p><p>Alle Beträge verstehen sich zzgl. gesetzlicher MwSt..</p><p>Gerne zeigen wir Ihnen das Lager vor Ort.</p>","### 140 m2 Lager im Untergeschoss

Das Lager ist über einen Warenlift zugänglich und mit einer Grundbeleuchtung ausgestattet. Nutzungen für Serverfarm oder CBD-Anbau sind eher weniger geeignet.

Das Lager ist nicht als Hobbyraum nutzbar.

Die Nebenkosten belaufen sich auf ca. CHF 5 m2pa.

Alle Beträge verstehen sich zzgl. gesetzlicher MwSt..

Gerne zeigen wir Ihnen das Lager vor Ort.","..(6658253)","Commercial Space","Gewerbe","ab sofort","-1",,"140","https://casagateway.ch/media/provider-12797/property-1029728/4a29007568927f1f6602cc749c2d456c.jpg?p=lg","https://casagateway.ch/media/provider-12797/property-1029728/1b595c41bec8614bdb729288d88319b5.jpg?p=lg","https://casagateway.ch/media/provider-12797/property-914765/907872c320bd497238232a7d707a12e2.jpg?p=lg",,,,,"80",,,,,,,
"14","Sternenfeldstrasse","Birsfelden","4127","Ausgebaute Bürofläche mit Sitzungszimmer","<p>Die im 4.OG befindliche Bürofläche ist zweckmässig ausgebaut und verfügt über zwei separate Räume. Eine Grundbeleuchtung ist ebenfalls installiert. Der Innenhof auf der 3. Etage steht zur Mitbenutzung zur Verfügung.</p><p>Das Nebenkostenakonto beträgt CHF 20 m2pa.</p><p>Parkplätze Tiefgarage zu CHF 105 / Monat auf Anfrage.</p><p>Alle Preisangaben zzgl. gesetzlicher MwSt.&nbsp;</p><p>Gerne zeigen wir Ihnen diese spannende Gelegenheit vor Ort.</p>","### Ausgebaute Bürofläche mit Sitzungszimmer

Die im 4.OG befindliche Bürofläche ist zweckmässig ausgebaut und verfügt über zwei separate Räume. Eine Grundbeleuchtung ist ebenfalls installiert. Der Innenhof auf der 3. Etage steht zur Mitbenutzung zur Verfügung.

Das Nebenkostenakonto beträgt CHF 20 m2pa.

Parkplätze Tiefgarage zu CHF 105 / Monat auf Anfrage.

Alle Preisangaben zzgl. gesetzlicher MwSt. 

Gerne zeigen wir Ihnen diese spannende Gelegenheit vor Ort.","..(6309520)","Office Space","Gewerbe","ab sofort","4",,"71","https://casagateway.ch/media/provider-12797/property-1293501/f9bf869f26bf9b7f9063ff68ce94a274.jpeg?p=lg","https://casagateway.ch/media/provider-12797/property-1293501/80a9e04cd666e90788d4f6046286401b.jpeg?p=lg","https://casagateway.ch/media/provider-12797/property-1293501/dd7fd9e4953c652e6cfe1c01a08cfe27.jpeg?p=lg","https://casagateway.ch/media/provider-12797/property-1293501/db65ab7937dac54b29509ef6fb0c518e.jpeg?p=lg","https://casagateway.ch/media/provider-12797/property-1293501/bc85118d59a06a099715ac7b20f79d1a.jpeg?p=lg","https://casagateway.ch/media/provider-12797/property-1378158/dfbfa29298aa9ce9f8dd358c3aadc2b8.jpeg?p=lg","https://casagateway.ch/media/provider-12797/property-1293017/31d8b938f51b1663d8becbd497dc385b.png?p=lg","150",,,,,,,
"15","Hardhofstrasse","Embrach","8424","Einzel- und Doppelbüros in wachsendem Umfeld","<p>Zur Vermietung steht ein Einzelbüro von 32 m2.</p><p>Die Büros sind allesamt sehr hell und verfügen über einen gut erhaltenen Grundausbau.</p><p>Im Korridor ist eine kleine Küchenzeile zur Mitbenutzung installiert.</p><p>Tiefgaragenparkplätze stehen ausreichend zur Verfügung und können zu CHF 100.- pro Monat gemietet werden.</p><p>Im Mietzins von CHF 570.- / Monat ist der Anteil Allgemeinfläche und das NK-Akonto bereits integriert.</p><p>Hinzu kommt lediglich eine kleine Strompauschale à CHF 5.- pro m2pa (bei normaler Büronutzung).</p><p>Die Liegenschaft ist nicht optiert, daher wird keine MwSt. erhoben.</p><p>Gerne zeigen wir Ihnen diese spannende Möglichkeit vor Ort.</p>","### Einzel- und Doppelbüros in wachsendem Umfeld

Zur Vermietung steht ein Einzelbüro von 32 m2.

Die Büros sind allesamt sehr hell und verfügen über einen gut erhaltenen Grundausbau.

Im Korridor ist eine kleine Küchenzeile zur Mitbenutzung installiert.

Tiefgaragenparkplätze stehen ausreichend zur Verfügung und können zu CHF 100.- pro Monat gemietet werden.

Im Mietzins von CHF 570.- / Monat ist der Anteil Allgemeinfläche und das NK-Akonto bereits integriert.

Hinzu kommt lediglich eine kleine Strompauschale à CHF 5.- pro m2pa (bei normaler Büronutzung).

Die Liegenschaft ist nicht optiert, daher wird keine MwSt. erhoben.

Gerne zeigen wir Ihnen diese spannende Möglichkeit vor Ort.","e9718368-2fb6-11ee-926d-0a4bde28e6f6","Office Space","Gewerbe","ab sofort","4","590","32","https://casagateway.ch/media/provider-12797/property-1285213/f6bff306b945976ea3361975b0232809.jpeg?p=lg","https://casagateway.ch/media/provider-12797/property-1285213/eb56c8de42f527c8a9cabb052d6a3b3d.jpeg?p=lg","https://casagateway.ch/media/provider-12797/property-1285213/ca3c4b00822c021ea4605fbf9551f9ea.jpeg?p=lg","https://casagateway.ch/media/provider-12797/property-1285213/c45a5061201cb8e361e4e36324165f64.jpeg?p=lg","https://casagateway.ch/media/provider-12797/property-1285213/28a7dd35910a45422e1adf249ba72223.jpeg?p=lg","https://casagateway.ch/media/provider-12797/property-1285213/8233eb436b4129d70a87962503d43799.jpeg?p=lg","https://casagateway.ch/media/provider-12797/property-1209226/eb20612491190c4b1218f031d0ce0b8e.jpeg?p=lg",,,,,,,,
"56","Burrirain","Täuffelen","2575","Helle Büros mit Aussicht!","<p>Die zur Vermietung stehenden Büroflächen sind aufgrund der grossen Fenster äusserst hell und verfügen über Grundinstallationen. Die 100 m2 Mietfläche besteht heute aus zwei Räumen à 50 m2. Die Wände können jedoch auch entfernt oder ergänzt werden.</p><p>Im Gebäuden stehen diverse Grössen von 25 m2 bis zu 330 m2 zur Vermietung.&nbsp;</p><p>Ein kleiner Essbereich mit Teeküche steht allen Mietern zur Verfügung.</p><p>Die Nebenkostenpauschale beträgt CHF 160 / Monat (bei 100 m2 Mietfläche).</p><p>Aussenparkplätze können à CHF 50 / Monat gemietet werden.</p><p>Alle Beträge verstehen sich zzgl. gesetzlicher MwSt.</p><p>Gerne zeigen wir Ihnen die verschiedenen Optionen vor Ort.</p>","### Helle Büros mit Aussicht!

Die zur Vermietung stehenden Büroflächen sind aufgrund der grossen Fenster äusserst hell und verfügen über Grundinstallationen. Die 100 m2 Mietfläche besteht heute aus zwei Räumen à 50 m2. Die Wände können jedoch auch entfernt oder ergänzt werden.

Im Gebäuden stehen diverse Grössen von 25 m2 bis zu 330 m2 zur Vermietung. 

Ein kleiner Essbereich mit Teeküche steht allen Mietern zur Verfügung.

Die Nebenkostenpauschale beträgt CHF 160 / Monat (bei 100 m2 Mietfläche).

Aussenparkplätze können à CHF 50 / Monat gemietet werden.

Alle Beträge verstehen sich zzgl. gesetzlicher MwSt.

Gerne zeigen wir Ihnen die verschiedenen Optionen vor Ort.","ea2d8f39-974c-11ed-9038-005056bdbc06","Office Space","Gewerbe","ab sofort",,,"100","https://casagateway.ch/media/provider-12797/property-1207195/554b1bb7459958fe46c907ed8aad1182.jpeg?p=lg","https://casagateway.ch/media/provider-12797/property-1207195/db39ef42486fb35a4899ffe2d31abb68.jpeg?p=lg","https://casagateway.ch/media/provider-12797/property-1189769/486ce58501c19c94ec495fc32ac9efb8.jpeg?p=lg","https://casagateway.ch/media/provider-12797/property-1189769/910060dd739bcdbc5c0079017c9d30fa.jpeg?p=lg","https://casagateway.ch/media/provider-12797/property-1189769/0799d9666064dd733d3e458e2c469e28.jpeg?p=lg","https://casagateway.ch/media/provider-12797/property-1189769/aaaf0c44dea1175646aa9ed241342740.jpeg?p=lg","https://casagateway.ch/media/provider-12797/property-1189773/a9c8c02844dc26577706d1c6fde19dca.jpeg?p=lg","120","https://casagateway.ch/media/provider-12797/property-1189773/fdf0b166b46d579b97550e6079af0c97.jpeg?p=lg","https://casagateway.ch/media/provider-12797/property-1189773/907a7068228b1213ef86d5efca5e4db2.jpeg?p=lg","https://casagateway.ch/media/provider-12797/property-1189773/81c8963116e6e8251fd4feabe8f5e23b.jpeg?p=lg","https://casagateway.ch/media/provider-12797/property-1207195/e0135e6c254fe67522d51bec5b8d4191.jpeg?p=lg","https://casagateway.ch/media/provider-12797/property-1207195/bf9ae577f21fc3702ce008e3441fff7b.jpeg?p=lg","https://casagateway.ch/media/provider-12797/property-1207195/24147e20e774da574ad6c58c88507112.jpeg?p=lg",
"18","Neumarktplatz","Brugg","5200","Spannende Verkaufsfläche an bester Lage in Brugg - Obergeschoss","<p>Zur Vermietung steht eine Verkaufsfläche an bester Lage am Neumarktplatz in Brugg. Die ca. 1'433 m2 teilen sich folgendermassen auf drei Etagen auf:</p><ul><li>UG ca. 376 m2</li><li>EG ca. 456 m2</li><li>OG ca. 601 m2</li></ul><p>Der Nettomietzins von CHF 300 m2pa gilt für das 1. Obergeschoss.</p><p>Mögliche Teilflächen:</p><ul><li>UG + EG</li><li>OG</li></ul><p>Das Center erfuhr in den letzten Monaten eine Revitalisierung und das Obergeschoss ist nun zusätzlich durch den Eingang beim Coop über die neue Passerelle erreichbar. Das Look and Feel wurde vereinheitlicht, wodurch das Gefühl einer Einheit gefördert wird. Somit profitieren alle Geschäfte vom Umbau und dem bestehenden Personenverkehr.</p><p>Gerne zeigen wir Ihnen diese einmalige Gelegenheit vor Ort.</p>","### Spannende Verkaufsfläche an bester Lage in Brugg - Obergeschoss

Zur Vermietung steht eine Verkaufsfläche an bester Lage am Neumarktplatz in Brugg. Die ca. 1'433 m2 teilen sich folgendermassen auf drei Etagen auf:

*   UG ca. 376 m2
*   EG ca. 456 m2
*   OG ca. 601 m2

Der Nettomietzins von CHF 300 m2pa gilt für das 1. Obergeschoss.

Mögliche Teilflächen:

*   UG + EG
*   OG

Das Center erfuhr in den letzten Monaten eine Revitalisierung und das Obergeschoss ist nun zusätzlich durch den Eingang beim Coop über die neue Passerelle erreichbar. Das Look and Feel wurde vereinheitlicht, wodurch das Gefühl einer Einheit gefördert wird. Somit profitieren alle Geschäfte vom Umbau und dem bestehenden Personenverkehr.

Gerne zeigen wir Ihnen diese einmalige Gelegenheit vor Ort.","eb9bb5e1-f803-11ee-afda-0a4bde28e6f6","Retail Space","Gewerbe","ab sofort","1",,"601","https://casagateway.ch/media/provider-12797/property-1404624/4b904e3cdf9769a7ca397288b95b4287.png?p=lg","https://casagateway.ch/media/provider-12797/property-1374646/10f857efe34c842571078625502a4973.jpeg?p=lg","https://casagateway.ch/media/provider-12797/property-1404625/e6a5c4aaef186d81d8e4c64c9c0325de.jpeg?p=lg","https://casagateway.ch/media/provider-12797/property-1404625/6380c1f25811f29e48fe6edc13773623.jpeg?p=lg","https://casagateway.ch/media/provider-12797/property-1374646/8c74a9719f75a7e549dd372ef09634e2.jpeg?p=lg","https://casagateway.ch/media/provider-12797/property-1374646/c95b2ad5596920a1d369d585cde5cfb8.jpeg?p=lg","https://casagateway.ch/media/provider-12797/property-1404625/77c7b0ec77c6ba09277e567ceed9826f.jpeg?p=lg","300",,,,,,,
"15","Hardhofstrasse","Embrach","8424","Helle Gewerbefläche mit grossem Warenlift","<p>Die Fläche befindet sich im Edelrohbau.&nbsp;</p><p>Der Zugang zum Warenlift ist unmittelbar angrenzend. Die Bodenlast beträgt 500 kg/m2. Die Anlieferung im EG (überdacht) kann über einen Scherenhubtisch oder Anpassrampe erfolgen.</p><p>Tiefgaragenparkplätze stehen ausreichend zur Verfügung und können zu CHF 100.- pro Monat gemietet werden.</p><p>Das NK-Akonto beträgt CHF 25 m2pa.</p><p>Die Liegenschaft ist nicht optiert, daher wird keine MwSt. erhoben.</p><p>Gerne zeigen wir Ihnen diese spannende Möglichkeit vor Ort.</p>","### Helle Gewerbefläche mit grossem Warenlift

Die Fläche befindet sich im Edelrohbau. 

Der Zugang zum Warenlift ist unmittelbar angrenzend. Die Bodenlast beträgt 500 kg/m2. Die Anlieferung im EG (überdacht) kann über einen Scherenhubtisch oder Anpassrampe erfolgen.

Tiefgaragenparkplätze stehen ausreichend zur Verfügung und können zu CHF 100.- pro Monat gemietet werden.

Das NK-Akonto beträgt CHF 25 m2pa.

Die Liegenschaft ist nicht optiert, daher wird keine MwSt. erhoben.

Gerne zeigen wir Ihnen diese spannende Möglichkeit vor Ort.","ef044961-9778-11ee-b1a8-0a4bde28e6f6","Commercial Space","Gewerbe","ab sofort","3",,"462","https://casagateway.ch/media/provider-12797/property-1344723/97b35d2b38eafe33ae6b7fef53fada73.png?p=lg","https://casagateway.ch/media/provider-12797/property-1344723/2a33f67eb7ec0f1923d6bc6e404ba078.png?p=lg","https://casagateway.ch/media/provider-12797/property-1344723/3705ace147acd527357141ea33a83170.png?p=lg","https://casagateway.ch/media/provider-12797/property-1344723/6091a86c70f3dc521d1ec9aaf46ffe1a.png?p=lg","https://casagateway.ch/media/provider-12797/property-1344723/c48d5f9550085bbab932c02dd9fe850e.png?p=lg","https://casagateway.ch/media/provider-12797/property-1209227/60b00693eb174f1710b9da81b52334af.jpeg?p=lg","https://casagateway.ch/media/provider-12797/property-1209227/c4101f3207450e213afc7f6281bd281f.jpeg?p=lg","105","https://casagateway.ch/media/provider-12797/property-1209226/eb20612491190c4b1218f031d0ce0b8e.jpeg?p=lg",,,,,,
"16a","Florastrasse","Biel","2502","Zentrale Büroflächen - voll saniert!","<p>Die zur Vermietung stehende Bürofläche wurde zuletzt voll saniert und mit einem gehobenen Standard ausgebaut. Es besteht ein abgetrenntes Sitzungszimmer mit ansprechenden Glaswänden und eine abgetrennte Küche. Alle Bereiche sind zudem belüftet. Die Elektroverteilung befindet sich im Bodenkanal. Die Fläche verfügt ausserdem über ein eigenes WC mit Dusche.</p><p>Die Mikrolage könnte kaum besser sein, wenn man ein innenstädtisches Büro sucht. In unmittelbarer Nähe gegenüber befindet sich das Coop-Restaurant und weitere Verpflegungsmöglichkeiten. Ein PureGym befindet sich ebenfalls im Gebäude nebenan.</p><p>Das Nebenkosten-Akonto beläuft sich auf CHF 26 m2pa.</p><p>Alle Beträge verstehen sich zzgl. gesetzlicher MwSt.</p><p>Gerne zeigen wir Ihnen diese spannende Gelegenheit vor Ort.</p>","### Zentrale Büroflächen - voll saniert!

Die zur Vermietung stehende Bürofläche wurde zuletzt voll saniert und mit einem gehobenen Standard ausgebaut. Es besteht ein abgetrenntes Sitzungszimmer mit ansprechenden Glaswänden und eine abgetrennte Küche. Alle Bereiche sind zudem belüftet. Die Elektroverteilung befindet sich im Bodenkanal. Die Fläche verfügt ausserdem über ein eigenes WC mit Dusche.

Die Mikrolage könnte kaum besser sein, wenn man ein innenstädtisches Büro sucht. In unmittelbarer Nähe gegenüber befindet sich das Coop-Restaurant und weitere Verpflegungsmöglichkeiten. Ein PureGym befindet sich ebenfalls im Gebäude nebenan.

Das Nebenkosten-Akonto beläuft sich auf CHF 26 m2pa.

Alle Beträge verstehen sich zzgl. gesetzlicher MwSt.

Gerne zeigen wir Ihnen diese spannende Gelegenheit vor Ort.","f0b2832a-d25a-11ee-afda-0a4bde28e6f6","Office Space","Gewerbe","ab sofort","1",,"104","https://casagateway.ch/media/provider-12797/property-1380341/d124a39eb67bb6a78f669467c4eef27f.jpeg?p=lg","https://casagateway.ch/media/provider-12797/property-1380341/86a5637af0c6ec062dd43a2e4e8a3056.jpeg?p=lg","https://casagateway.ch/media/provider-12797/property-1380341/5ef1bcd7ba9c2119f33fbf19d581348c.jpeg?p=lg","https://casagateway.ch/media/provider-12797/property-1380341/7b59e364e4c4a63c6b90bdb2880648a8.jpeg?p=lg","https://casagateway.ch/media/provider-12797/property-1380341/1de1eba84b87e114f0809c47cde69f6d.jpeg?p=lg","https://casagateway.ch/media/provider-12797/property-1380341/1ee1a0d7fc3838a020aaaafa75480221.jpeg?p=lg","https://casagateway.ch/media/provider-12797/property-1380341/7026d5ac09483c303c4ff5723d8984b7.jpeg?p=lg","215","https://casagateway.ch/media/provider-12797/property-1380341/c59fc5038488c5fbfc53221a61fb381a.jpeg?p=lg","https://casagateway.ch/media/provider-12797/property-1380341/44d9ba64d932f6ebdb0d8107b6d4974f.jpeg?p=lg",,,,,
"3","Täfernstrasse","Baden","5405","Ruhe-Oase und Büro gleichermassen!","<p>Die auf dem 1. Obergeschoss befindliche Bürofläche (halbe Etage im Rohbau) präsentiert sich lichtdurchflutet und mit grossem Potenzial. Die Mietfläche zeichnet sich vor allem durch folgende Eigenschaften aus:</p><ul><li>Ausbau kann individuell gestaltet werden</li><li>Elektrische Storen</li><li>Helle Büros mit direktem Zugang zum attraktiven Innenhof mit Sitzgelegenheit</li><li>Ausreichend Parkplätze</li><li>Diverse Verpflegungsmöglichkeiten im Quartier / in unmittelbarer Umgebung (Täfernhof)</li><li>Bushaltestelle direkt vor dem Gebäude</li><li>Autobahnanschluss in 2 Minuten erreichbar</li></ul><p>Das Nebenkostenakonto beträgt CHF 20-25 m2pa.</p><p>Aussenparkplätze CHF 80/Monat.</p><p>Tiefgaragenstellplätze CHF 120/Monat.</p><p>Alle Beträge verstehen sich zzgl. gesetzlicher MwSt.&nbsp;</p><p>Gerne zeigen wir Ihnen diese spannende Möglichkeit vor Ort.</p>","### Ruhe-Oase und Büro gleichermassen!

Die auf dem 1. Obergeschoss befindliche Bürofläche (halbe Etage im Rohbau) präsentiert sich lichtdurchflutet und mit grossem Potenzial. Die Mietfläche zeichnet sich vor allem durch folgende Eigenschaften aus:

*   Ausbau kann individuell gestaltet werden
*   Elektrische Storen
*   Helle Büros mit direktem Zugang zum attraktiven Innenhof mit Sitzgelegenheit
*   Ausreichend Parkplätze
*   Diverse Verpflegungsmöglichkeiten im Quartier / in unmittelbarer Umgebung (Täfernhof)
*   Bushaltestelle direkt vor dem Gebäude
*   Autobahnanschluss in 2 Minuten erreichbar

Das Nebenkostenakonto beträgt CHF 20-25 m2pa.

Aussenparkplätze CHF 80/Monat.

Tiefgaragenstellplätze CHF 120/Monat.

Alle Beträge verstehen sich zzgl. gesetzlicher MwSt. 

Gerne zeigen wir Ihnen diese spannende Möglichkeit vor Ort.","f286d8b2-b1ed-11ed-b570-005056bdbc06","Office Space","Gewerbe","ab sofort","1",,"550","https://casagateway.ch/media/provider-12797/property-1207243/b5bf2def013098f83c59e79a6ae075b9.jpeg?p=lg","https://casagateway.ch/media/provider-12797/property-1207243/2d549466e1405cb548d405957cc28349.jpeg?p=lg","https://casagateway.ch/media/provider-12797/property-1207243/a688e98d57a1f0a4f71ff1aa6c29e2ff.jpeg?p=lg","https://casagateway.ch/media/provider-12797/property-1207243/e7c4967c02086d244992a7dc461faa24.jpeg?p=lg","https://casagateway.ch/media/provider-12797/property-1207243/3980726edda4873eed45f421318dc3fb.jpeg?p=lg","https://casagateway.ch/media/provider-12797/property-1207243/cebe9a5f2962b838c1a729f9f25b57dc.jpeg?p=lg","https://casagateway.ch/media/provider-12797/property-1207243/0f4048ed426d978ba63e75e8ce79c60f.jpeg?p=lg","160","https://casagateway.ch/media/provider-12797/property-1207243/d9dd240662fe332b423862cc93d682ad.jpeg?p=lg","https://casagateway.ch/media/provider-12797/property-1207243/7d5174a551a6829e8306252fbdc972db.jpeg?p=lg","https://casagateway.ch/media/provider-12797/property-1193901/c7c8c0b6f95dd1f712db252ff783b335.jpeg?p=lg",,,,
"3","Täfernstrasse","Baden","5405","Eigene Etage mit individuellem Ausbau!","<p>Die heute im Edelrohbau befindliche Bürofläche präsentiert sich lichtdurchflutet und mit grossem Potenzial. Die Mietfläche zeichnet sich vor allem durch folgende Eigenschaften aus:</p><ul><li>Ausbau kann individuell gestaltet werden</li><li>Teeküche bereits vorbereitet</li><li>Elektrische Storen</li><li>Bodenkanäle für Elektro- und IT-Verteilung</li><li>Helle Büros mit Lichthof</li><li>Sitzgelegenheit im attraktiven Innenhof</li><li>Ausreichend Parkplätze</li><li>Diverse Verpflegungsmöglichkeiten im Quartier / in unmittelbarer Umgebung (Täfernhof)</li><li>Bushaltestelle direkt vor dem Gebäude</li><li>Autobahnanschluss in 2 Minuten erreichbar</li></ul><p>Das Nebenkostenakonto beträgt CHF 20-25 m2pa.</p><p>Aussenparkplätze CHF 80/Monat.</p><p>Tiefgaragenstellplätze CHF 120/Monat.</p><p>Alle Beträge verstehen sich zzgl. gesetzlicher MwSt.</p><p>Gerne zeigen wir Ihnen diese spannende Möglichkeit vor Ort.</p>","### Eigene Etage mit individuellem Ausbau!

Die heute im Edelrohbau befindliche Bürofläche präsentiert sich lichtdurchflutet und mit grossem Potenzial. Die Mietfläche zeichnet sich vor allem durch folgende Eigenschaften aus:

*   Ausbau kann individuell gestaltet werden
*   Teeküche bereits vorbereitet
*   Elektrische Storen
*   Bodenkanäle für Elektro- und IT-Verteilung
*   Helle Büros mit Lichthof
*   Sitzgelegenheit im attraktiven Innenhof
*   Ausreichend Parkplätze
*   Diverse Verpflegungsmöglichkeiten im Quartier / in unmittelbarer Umgebung (Täfernhof)
*   Bushaltestelle direkt vor dem Gebäude
*   Autobahnanschluss in 2 Minuten erreichbar

Das Nebenkostenakonto beträgt CHF 20-25 m2pa.

Aussenparkplätze CHF 80/Monat.

Tiefgaragenstellplätze CHF 120/Monat.

Alle Beträge verstehen sich zzgl. gesetzlicher MwSt.

Gerne zeigen wir Ihnen diese spannende Möglichkeit vor Ort.","f2c82a13-b1ef-11ed-b570-005056bdbc06","Office Space","Gewerbe","ab sofort","2",,"1000","https://casagateway.ch/media/provider-12797/property-1193901/c7c8c0b6f95dd1f712db252ff783b335.jpeg?p=lg","https://casagateway.ch/media/provider-12797/property-1103420/a319fff08937c3c60bfacaf29f5d5e83.jpg?p=lg","https://casagateway.ch/media/provider-12797/property-1207246/9d4a2a5f2a55bd1bcbe9eaa02a1b5531.jpeg?p=lg","https://casagateway.ch/media/provider-12797/property-1207246/74d0e8ddd2bddfdae752fb3cd56cfaf9.jpeg?p=lg","https://casagateway.ch/media/provider-12797/property-1207246/93831dcbc7ed9fea4ba3050902cf29fb.jpeg?p=lg","https://casagateway.ch/media/provider-12797/property-1207260/0beb71b9016cba2fc81cec846a27f8fa.jpeg?p=lg","https://casagateway.ch/media/provider-12797/property-1207246/0dbb25c5d5fb7608510e325fd5fa248c.jpeg?p=lg","160","https://casagateway.ch/media/provider-12797/property-1103420/0984b40a1bb4ac03b271c6b8c9ac77ef.jpg?p=lg","https://casagateway.ch/media/provider-12797/property-1103420/fa73edc7d2b123fc3e602b460e4e6081.jpg?p=lg","https://casagateway.ch/media/provider-12797/property-1207246/bb74cb80e7313d57316da112579cf42d.jpeg?p=lg","https://casagateway.ch/media/provider-12797/property-1207243/7d5174a551a6829e8306252fbdc972db.jpeg?p=lg","https://casagateway.ch/media/provider-12797/property-1207243/b5bf2def013098f83c59e79a6ae075b9.jpeg?p=lg",,
"174","Vorstadtstrasse","Laupersdorf","4712","GreenPlaces Balsthal - Letzte Einheiten!","<p></p><p>GreenPlaces ist ein modernes, modulares und ökologisch nachhaltiges Gewerbeparkkonzept, das lokalen KMU's und auch Start-Up's ermöglicht, Geschäftsflächen zu günstigen Konditionen zu mieten.</p><p>Zur Vermietung stehen einzelne als auch doppelte Einheiten. Auf Anfrage können auch mehrere Einheiten ec bloc gemietet resp. gekauft werden.</p><p>Die Nettogeschossfläche auf drei Stockwerken beträgt 163 m2. Die Flächen sind bereits zweckmässig ausgebaut (WC, Heizung/Kühlung, Malerarbeiten, Elektro-Grundverteilung) und können unmittelbar genutzt werden. Bei der Nutzung bestehen kaum Einschränkungen.</p><p>Ein Parkplatz pro Einheit kann für CHF 50 / Monat gemietet werden.</p><p>Das Nebenkosten-Akonto beträgt CHF 50 / Monat.</p><p>Gerne zeigen wir Ihnen dieses spannende und zweckmässige Konzept vor Ort.</p><p></p>","### GreenPlaces Balsthal - Letzte Einheiten!

GreenPlaces ist ein modernes, modulares und ökologisch nachhaltiges Gewerbeparkkonzept, das lokalen KMU's und auch Start-Up's ermöglicht, Geschäftsflächen zu günstigen Konditionen zu mieten.

Zur Vermietung stehen einzelne als auch doppelte Einheiten. Auf Anfrage können auch mehrere Einheiten ec bloc gemietet resp. gekauft werden.

Die Nettogeschossfläche auf drei Stockwerken beträgt 163 m2. Die Flächen sind bereits zweckmässig ausgebaut (WC, Heizung/Kühlung, Malerarbeiten, Elektro-Grundverteilung) und können unmittelbar genutzt werden. Bei der Nutzung bestehen kaum Einschränkungen.

Ein Parkplatz pro Einheit kann für CHF 50 / Monat gemietet werden.

Das Nebenkosten-Akonto beträgt CHF 50 / Monat.

Gerne zeigen wir Ihnen dieses spannende und zweckmässige Konzept vor Ort.","f3106e8e-0144-11ef-afda-0a4bde28e6f6","Commercial Space","Gewerbe","ab sofort",,,"163","https://casagateway.ch/media/provider-12797/property-1122617/911f2d3dd21de78666c236d394d6a176.jpg?p=lg","https://casagateway.ch/media/provider-12797/property-1122617/face21afad8269b6fe65c9134c9af281.jpg?p=lg","https://casagateway.ch/media/provider-12797/property-1122617/4a7c51b29468844f4b9d9093d4d17227.jpg?p=lg","https://casagateway.ch/media/provider-12797/property-1122617/5c2ec30f19c6eb7fced860bf0147544e.jpg?p=lg","https://casagateway.ch/media/provider-12797/property-1122617/07a495411c6fbece7a36b0f33afb5f30.jpg?p=lg","https://casagateway.ch/media/provider-12797/property-1122617/e38fcce2e88201733cab3b33dc3ec918.jpg?p=lg","https://casagateway.ch/media/provider-12797/property-1122617/59abe1ea78cf0bd00e2cbcd31eb79b34.jpg?p=lg","1650","https://casagateway.ch/media/provider-12797/property-1122617/0f1dfe1f0fac2d595a6f5a2dff9d36d4.jpg?p=lg","https://casagateway.ch/media/provider-12797/property-1122617/afdaf27f3e57107c06212b873e832e93.jpg?p=lg","https://casagateway.ch/media/provider-12797/property-1122617/4ddf03d71df5e6039b59dd1432009b86.jpg?p=lg",,,,
"1","Grabenstrasse","Uster","8606","Belüftete und gekühlte Gewerbefläche mit direktem Zugang vom Warenlift","<p>Unweit des Bahnhofs in Nänikon/Greifensee vermieten wir eine helle, hochwertige und belüftete Gewerbefläche mit zwei separaten&nbsp;Räumen und einem zusätzlichen Büroteil mit Möglichkeit für eine Teeküche. Besonderer Pluspunkt ist die grosszügige Terrasse zur Mitbenutzung.</p><p>Eckdaten:</p><ul><li>Anlieferung über Scherenhubtisch oder Anpassrampe</li><li>Warenlift (H 2.5 x B 2.15 x L 3.13) dierkt in die Gewerbefläche mit einer Traglast von 4000 kg</li><li>Bodenlast 1000 kg/ m2</li><li>Kühldecken</li><li>Deckenhöhe 3.2 m total</li><li>Lagerflächen bis 34 m2 können dazugemietet werden</li><li>Ausreichend Aussenparkplätze vorhanden</li></ul><p>Der Nettomietzins von CHF 142 m2pa versteht sich als Durchschnittsmietzins bei einer langfristigen Bindung (5 Jahre) mit entsprechender Staffelung.</p><p>Die Nebenkosten betragen CHF 35-40 m2pa</p><p>Alle Beträge verstehen sich zuzgl. gesetzlicher MwSt.&nbsp;</p><p>Gerne zeigen wir Ihnen diese spannende Fläche vor Ort.</p>","### Belüftete und gekühlte Gewerbefläche mit direktem Zugang vom Warenlift

Unweit des Bahnhofs in Nänikon/Greifensee vermieten wir eine helle, hochwertige und belüftete Gewerbefläche mit zwei separaten Räumen und einem zusätzlichen Büroteil mit Möglichkeit für eine Teeküche. Besonderer Pluspunkt ist die grosszügige Terrasse zur Mitbenutzung.

Eckdaten:

*   Anlieferung über Scherenhubtisch oder Anpassrampe
*   Warenlift (H 2.5 x B 2.15 x L 3.13) dierkt in die Gewerbefläche mit einer Traglast von 4000 kg
*   Bodenlast 1000 kg/ m2
*   Kühldecken
*   Deckenhöhe 3.2 m total
*   Lagerflächen bis 34 m2 können dazugemietet werden
*   Ausreichend Aussenparkplätze vorhanden

Der Nettomietzins von CHF 142 m2pa versteht sich als Durchschnittsmietzins bei einer langfristigen Bindung (5 Jahre) mit entsprechender Staffelung.

Die Nebenkosten betragen CHF 35-40 m2pa

Alle Beträge verstehen sich zuzgl. gesetzlicher MwSt. 

Gerne zeigen wir Ihnen diese spannende Fläche vor Ort.","..(6745715)","Commercial Space","Gewerbe","ab sofort",,,"600","https://casagateway.ch/media/provider-12797/property-914713/ac3522abc7e6009e6065dca7c6060864.jpg?p=lg","https://casagateway.ch/media/provider-12797/property-914713/5091fb58847505d3378fdfab205f02e9.jpg?p=lg","https://casagateway.ch/media/provider-12797/property-914725/d9a73e4e01c59be70719437f186782ff.jpg?p=lg","https://casagateway.ch/media/provider-12797/property-914725/acdb35edffb49da7044d0abed2597139.jpg?p=lg","https://casagateway.ch/media/provider-12797/property-914725/d9627035e2ae67f5abbf7e35ae0d44eb.jpg?p=lg","https://casagateway.ch/media/provider-12797/property-914725/a9bca3ab0d9ebe9ebfce84bd5a4c1138.jpg?p=lg","https://casagateway.ch/media/provider-12797/property-914723/744d5f28297a9b41e30239a2de764eed.jpg?p=lg","142","https://casagateway.ch/media/provider-12797/property-914723/cbc3a8ed024cc64ca80db2e09b82eb17.jpg?p=lg","https://casagateway.ch/media/provider-12797/property-914723/79f2f083be4a3d264447d763024295b1.jpg?p=lg",,,,,